20
5910617 100 33319 1996978 4257029 5471567
8670630 100 5006899 7425479 4245888 4964802
4997532 100 7413074 9870977 6445492 8812189
6374719 100 3560043 5263649 8626238 5173995
9490045 100 926919 5252264 3343420 9671773
4854351 100 8172276 6201928 5738562 2423018
4816164 100 7930676 1228396 2724652 4963804
3846600 100 5228588 74949 108206 7649060
4062496 100 3443252 415647 2285950 3166632
1570288 100 9409796 1996381 7216984 949257
3800336 100 3550415 8593804 3756533 78442
4205994 100 1304493 1883682 821947 3568577
8958727 100 8680277 7319849 1940931 7223851
4884850 100 3114514 6735786 181299 9425109
3770799 100 301700 6197601 9004987 6553326
6032807 100 3951539 2059716 2593659 9272444
1114670 100 3597726 2967441 7636594 8111889
7690383 100 5065925 6335366 8710062 2037369
3419976 100 4524282 4176192 5457231 8480612
3927447 100 2718605 4663349 3569817 7111676
