39845
2
3
4
5
6
0
7
8
9
11
1
0
14
15
15
16
17
19
20
1
22
22
24
25
1
26
1
0
29
0
0
0
34
35
0
37
38
0
0
1
41
43
43
44
46
0
1
48
49
0
51
0
53
54
0
57
57
58
0
0
0
0
1
64
65
0
0
1
0
71
72
0
74
0
1
1
77
79
0
81
0
82
83
84
1
0
88
89
90
0
1
0
93
1
0
1
97
1
99
101
0
1
104
1
0
106
107
108
109
0
111
112
1
0
0
117
118
118
120
121
122
1
123
1
0
1
0
128
129
0
132
133
134
0
135
0
1
1
1
140
1
142
0
1
0
1
148
148
150
150
1
152
1
1
155
157
0
1
0
1
0
0
1
164
166
167
167
0
1
170
172
172
173
1
1
177
1
1
180
180
1
1
184
0
186
1
1
1
189
1
1
1
194
195
195
196
198
1
1
0
0
203
1
1
206
207
208
0
209
211
0
212
213
0
1
1
1
219
220
221
1
1
223
1
226
227
228
228
230
231
232
0
1
1
235
0
1
1
0
0
242
1
1
0
0
246
1
1
1
250
252
253
253
1
1
1
1
258
1
261
261
0
263
264
1
1
268
268
0
270
272
272
0
274
275
0
0
278
280
0
1
0
284
284
1
0
1
1
1
290
1
1
293
0
0
296
1
0
300
0
0
0
304
0
0
1
308
309
309
1
1
312
313
0
315
316
317
1
1
1
1
323
323
1
1
327
328
0
0
1
1
333
334
0
0
336
337
339
340
0
0
0
343
345
346
347
0
348
350
0
1
0
353
0
356
356
358
1
360
360
1
363
363
0
366
366
0
368
1
1
371
372
1
0
376
0
377
0
379
0
0
1
384
1
0
0
1
389
389
0
392
393
1
395
395
1
398
399
400
400
401
0
1
404
406
406
1
1
1
1
412
1
414
1
416
0
0
0
420
420
421
0
1
425
1
1
1
0
429
430
0
0
0
0
435
1
0
1
440
441
441
443
444
445
0
0
447
448
449
0
452
0
453
1
455
1
458
459
460
461
462
462
463
465
0
466
467
1
1
0
0
472
0
474
476
0
477
0
0
481
1
482
483
485
0
487
487
488
489
1
0
493
1
495
496
1
498
0
0
1
0
0
1
504
0
507
508
1
509
0
0
0
1
515
0
516
1
519
0
1
521
523
523
1
526
526
0
528
1
530
0
0
1
534
0
1
538
538
539
0
0
0
0
545
546
547
547
548
549
550
0
1
0
554
1
557
1
0
559
0
0
1
1
0
1
1
0
1
1
571
572
0
573
575
576
576
578
578
580
0
581
583
583
585
586
1
588
0
0
591
1
0
0
1
596
597
597
599
0
0
602
1
603
1
0
1
607
609
0
0
1
612
613
614
615
617
617
619
0
620
0
0
623
624
626
626
1
629
630
0
631
632
1
0
1
637
638
0
0
641
641
1
1
644
1
0
648
1
649
0
651
653
654
1
656
1
657
0
0
0
661
1
1
665
665
667
1
669
1
0
0
673
673
1
675
677
0
0
1
0
0
0
0
1
686
1
1
689
1
690
692
0
694
1
695
697
0
698
699
0
702
0
1
705
705
0
1
1
0
711
711
712
713
715
715
717
718
719
0
1
1
1
724
725
0
727
727
1
730
730
0
732
733
1
1
737
1
739
0
740
1
743
743
1
745
1
1
1
750
1
751
753
1
0
755
1
1
759
759
0
0
763
763
764
1
1
0
1
770
771
771
772
0
775
775
0
778
1
0
781
781
1
784
0
786
787
1
1
789
1
792
792
794
0
0
797
798
0
800
800
802
803
804
0
805
1
0
809
1
1
0
1
813
0
815
0
817
0
0
820
0
1
0
824
0
0
1
829
1
1
831
0
1
835
1
0
838
0
0
0
841
0
843
844
846
846
848
1
0
0
851
1
854
855
0
857
857
1
859
861
862
1
1
1
865
1
0
869
1
870
872
0
874
874
1
1
878
0
1
1
1
883
884
885
885
887
0
1
0
0
1
1
894
1
896
0
897
0
900
900
0
0
904
904
906
907
1
0
0
911
911
913
0
1
915
916
1
1
1
0
1
0
0
0
1
1
0
1
0
0
0
933
1
0
1
0
1
939
0
940
1
0
943
1
946
947
1
0
950
1
951
0
953
955
0
956
958
959
959
0
0
1
0
0
966
967
968
1
969
970
971
1
974
1
0
977
1
1
1
981
1
983
983
1
1
986
0
0
0
0
991
1
994
995
1
0
998
1
1
0
1002
1003
1004
1005
0
1
1007
1008
1010
1
1012
1013
0
1015
1015
1017
1018
1019
0
0
1022
1
1024
1025
1
1026
1028
1028
0
1
1031
1033
1034
0
1
1
1
1038
1
1
1
1042
1044
0
1
1047
1048
1
1
1051
1
1
0
1
1056
1057
1
1058
1
1061
1
1
0
0
0
1066
1067
1069
1069
1071
1
1072
0
1
1075
1076
1
1
0
1
1082
1083
0
1
1086
1
1
1
1
1091
0
1092
1093
0
1096
1
1
1
0
1
1101
0
0
1104
1105
0
0
1108
1110
1
1111
1112
1
1
1
0
1117
1
1119
1121
1121
0
1
1
0
1126
1128
1129
0
1131
1132
1133
1133
1135
1135
0
1
1138
1139
1140
1
1143
0
1
1145
1146
1147
1149
1
0
0
1153
0
1
1155
0
0
1159
0
1
0
0
1
1164
1165
1167
1
0
1169
0
1172
0
1174
1175
1
1177
0
1178
1179
1180
1181
0
0
1184
1
1186
1188
0
0
0
0
1192
0
1
1195
0
1
1198
1
1
1202
1202
0
1
0
1
1207
1209
1209
1210
1
0
1
0
1
0
1217
0
1219
0
1222
1223
1224
1225
1
1226
1
1229
0
0
1232
1
1234
0
0
1236
1
1
0
0
1242
1242
1244
1245
0
1246
1247
1
1
1250
1252
1253
0
1254
1255
1257
0
0
1259
0
0
1262
1
1265
1266
0
1
0
1270
1271
1
1272
1273
1274
0
1276
1278
1
1279
1280
1
1283
1
1284
0
1
1287
0
1
0
1292
1
0
1295
1295
0
1
1299
1299
1300
0
1303
1304
1304
1
1306
1
1309
1
0
1311
1
1313
0
1315
1
0
1
0
1321
0
1323
1324
0
0
1327
1327
1328
0
0
1332
1333
1
0
1
1337
0
1
1339
1340
1342
1342
1
0
1346
1346
1347
1
0
0
1351
1352
0
0
1
1357
1
1358
1359
1360
1
1
1
0
1365
1
1367
0
0
0
1
1372
1
1
1
1
0
1
1380
1
0
1382
1384
0
1
1386
1387
1389
1390
1391
1
1392
1393
1395
0
1396
0
1399
1399
0
0
1
1
1404
1405
0
1408
1
1409
1
0
1413
1414
1415
1416
0
1
1418
1420
0
1421
0
1424
1
1
1426
1
1429
0
1431
1
1
1434
0
0
1437
1438
1438
1440
1
1442
1442
1
1445
0
1
1
1449
0
1
1452
1452
1453
0
1456
1
1
1459
1459
1
1461
0
1463
1464
1
1
1
1469
1469
1
1471
1
1473
0
1476
1
0
0
1
0
0
1483
1
0
1485
1487
1487
1489
1
1
1491
1492
1
1
0
1496
1498
1499
1500
1
1502
0
1504
1
1
1507
1507
1
0
1510
1511
1513
1514
1514
0
1516
1517
1
1
1
1521
1523
0
1524
1526
1527
0
1
1
1530
1532
1
0
1
0
1
0
0
0
0
1
1
1544
1545
1
0
1547
1549
1
1
0
1552
1554
1555
0
1
1558
1559
1559
1561
1561
1
1564
0
1565
1
0
1
1569
1
0
1572
1574
1
1
0
1578
1579
1
1580
1582
1
1583
0
1585
0
1
1589
0
0
0
0
0
0
1596
0
0
1
0
1600
1
1603
1603
1604
1605
1606
1607
1
0
1610
1612
1
1613
1614
1
1616
1
0
0
1620
1622
1
1623
1625
1626
0
1627
0
1
1630
1631
1633
1633
1
1636
1
1638
1638
0
1641
1642
0
0
1
0
1
1647
1649
0
1651
1
0
1
1655
1655
1657
0
1659
1659
0
1661
1663
1664
1664
1
1666
1
1
1669
1671
1672
0
1674
1675
1675
1677
1
0
1680
0
1682
1683
0
1
0
1687
1688
0
1690
1690
1691
1
0
0
1695
1697
1
1699
0
1
1
1
1
0
1705
1
1
1
0
0
1
1713
1714
1715
1716
0
1
0
1719
0
0
1723
1724
1
1725
1727
1
1728
0
1
1731
1733
1
0
1736
1736
1
1738
1740
1740
1741
0
1743
1
1
0
1748
1749
1749
1750
1751
1
1753
1754
1756
1756
1
0
1
1761
1762
1762
0
1764
1766
1766
1767
0
1770
1770
0
1
1773
1774
1775
1776
0
1779
1779
1
0
1783
0
1
1785
1786
1788
1789
0
1790
0
1
1793
0
1795
1797
1797
1798
1
1800
0
1803
1803
1
1805
1807
1
1
1
1810
0
1813
1813
0
1816
1816
1
1818
1819
1820
1821
1823
1824
1825
1826
1827
1
0
1829
1
1831
1
1833
1834
0
0
1838
1839
1839
0
0
1
0
1844
1845
0
0
1848
1849
1
1
1
0
0
1855
1857
1
1858
0
1
1
1862
1863
1
0
1
1867
1868
1870
1
1871
0
1874
1
1875
1
0
1878
0
1881
1
1
1883
1885
1886
1886
1
1889
1
1890
1
1
1
1895
1896
0
0
1899
1
1901
1
1903
1
1904
0
1906
1908
1909
1909
0
0
0
1914
1
1915
1916
0
0
1919
1
1922
0
1
1924
1925
1
1927
1929
1
1930
0
1
1934
1934
1935
1936
1
1938
1940
1940
1942
0
1
1945
1945
1947
1948
1949
1950
0
1951
1
1953
0
1955
1956
1957
1
0
1961
1961
0
0
1965
0
1967
1967
1969
1970
1970
1
0
0
0
1975
1977
0
1979
1979
0
1981
1
0
0
1985
1987
1987
1989
0
0
1992
1
0
1995
1995
0
1
0
0
2001
2002
0
1
2004
2006
2006
2008
2008
1
2011
0
0
1
2015
1
2017
2017
0
1
0
2021
2022
2023
2025
1
1
1
2029
1
2030
2031
1
0
2034
2036
2037
1
0
2039
2040
2041
0
0
0
2045
2046
2048
0
2049
2050
1
1
2054
2054
2055
2057
1
1
1
2060
2061
1
1
2064
1
2067
2067
0
1
0
2072
1
0
0
0
0
1
2078
2080
2081
1
2082
2084
1
2085
2086
0
2088
2089
1
2091
0
2094
2094
1
0
2098
2098
2099
2100
2102
0
0
1
2105
0
0
2108
0
2110
2111
2112
2114
1
2116
2117
0
1
2119
1
0
2123
0
2125
2125
1
0
2128
2129
2131
2132
2132
0
2134
1
0
0
2138
1
1
0
0
2144
2145
2146
2147
0
0
2149
2151
2152
2153
1
0
2156
0
2157
2158
2159
0
2161
2163
2163
0
1
2166
0
2169
2169
0
2171
1
0
2175
0
2177
1
1
0
1
2182
1
2183
0
1
2187
1
2189
2190
1
1
2193
0
0
0
0
2197
0
1
2201
2202
2203
1
0
2205
2207
0
2209
0
0
2212
0
2213
1
0
0
1
0
2219
1
2222
2223
2223
2225
1
2227
0
2229
1
0
2232
2233
0
2235
0
2237
1
1
0
2240
2241
2242
2244
2244
2246
0
2248
2248
0
1
0
2253
2254
2254
1
1
1
1
0
2261
0
2262
0
2265
0
2266
0
2268
2269
2270
2271
2273
2273
1
2276
0
2278
2278
0
2280
1
2283
2284
1
2286
2287
1
2288
2289
2291
1
2292
2294
2294
2296
1
0
2299
0
2300
1
0
2303
2305
0
2307
2308
2308
0
2310
2312
0
1
0
1
0
1
0
2319
1
2322
2322
2324
2324
0
0
2327
2328
2330
2331
1
2333
2334
1
2335
2337
1
2339
2339
0
2341
0
1
2345
2345
2346
2347
2348
0
1
0
2352
0
0
1
2356
0
0
2359
0
1
0
2363
0
2366
0
2368
0
1
0
1
0
2374
1
2375
2376
2378
1
1
1
1
2383
2383
0
2385
2386
1
1
2390
2390
2391
1
2394
1
1
2397
0
2398
1
2401
2402
2402
2403
0
2406
2407
2408
0
1
1
2411
2412
1
1
0
1
0
2418
2420
1
2421
2422
2423
2424
2425
2426
1
2429
2430
2431
2432
2433
1
1
2435
1
2437
2438
2440
1
2441
2443
2444
0
0
1
1
2448
2449
0
2451
0
2454
0
0
0
2457
2459
1
2460
1
2463
2464
1
2465
1
2467
2468
2470
1
2472
2472
2473
0
2476
2476
1
1
2480
1
2482
2482
2483
0
2486
0
0
2488
0
2490
1
1
1
2494
2495
0
0
2498
1
2501
1
2502
2504
1
2505
2506
1
1
2510
0
2511
1
1
0
2515
2517
1
2518
0
2521
1
2522
2524
1
0
1
2528
1
0
0
2531
0
0
1
2535
1
2538
0
2539
2540
2542
2542
0
0
0
2547
0
2549
0
2550
0
0
0
1
2556
0
1
2558
2559
2561
2561
2562
2563
0
1
2566
2568
2569
2570
1
2572
2572
2574
0
1
2577
2577
0
1
1
2581
0
2583
1
2586
0
2588
1
2590
2590
1
1
2594
2594
0
0
2598
0
1
0
2601
2603
2604
1
0
2606
2608
1
2609
0
2612
2612
1
2615
0
2617
0
1
2619
2620
1
0
0
0
1
1
0
2628
2630
1
2631
1
2633
0
1
2636
0
1
1
2640
0
2643
0
2645
2645
2646
2647
2648
2649
2651
2651
0
2653
2655
2655
1
1
2658
2660
1
0
2663
2663
2665
2666
1
0
0
0
2670
2672
0
2674
0
1
1
2678
2678
2679
2680
2681
1
1
1
1
1
1
2689
2690
0
2692
0
0
2694
2696
2697
2698
2698
2699
2700
2702
2703
1
0
0
1
2708
1
0
0
0
2713
1
0
0
0
2717
1
2719
1
2721
0
0
1
0
2727
0
1
2729
2730
1
0
1
2735
0
1
2738
2738
2740
2740
2741
2743
2743
1
2745
2746
2748
2748
2750
2750
1
2752
2753
2755
0
2756
2758
0
2760
0
2761
1
2764
2765
0
1
2767
1
2770
1
2772
1
2773
0
1
0
1
2779
2780
2781
0
2782
0
1
0
1
0
0
2790
2791
2791
2793
2794
2795
0
2797
2797
2799
2800
1
0
2802
2803
2805
0
2806
0
2808
2810
2810
2812
2813
2814
2815
0
2817
2817
2818
2819
1
0
0
2824
0
2826
0
2827
1
2830
0
1
2832
2833
1
0
2837
0
2838
1
0
2841
1
2843
2844
0
2846
2848
2849
1
2850
1
1
0
0
1
2857
0
2859
1
2861
2861
2862
2863
2864
2865
1
2867
0
0
2871
0
0
0
2874
1
1
1
2879
2880
2880
0
2882
2883
2884
2885
1
2887
2888
2889
2890
2892
0
2894
0
2895
0
2897
2898
2899
0
2901
0
2904
1
1
0
2907
1
2910
0
0
1
2914
2915
1
1
0
2919
1
2920
2922
0
0
2925
2926
2926
1
2929
1
1
0
2933
2933
2934
2935
0
2937
2938
2939
2940
1
2943
2943
1
1
1
1
0
1
2950
2951
0
2954
1
0
2956
0
1
2959
0
0
0
1
0
2965
1
1
2968
0
2970
2971
0
1
2975
2975
1
0
1
0
2980
1
2983
0
2984
0
1
0
2989
2989
2990
2991
2993
1
2995
1
1
2997
1
2999
3000
3001
3002
3003
0
0
0
3008
0
1
0
3011
3012
3013
0
3016
3017
1
3018
3019
0
3021
1
1
3024
1
1
1
3028
1
3031
3032
3033
0
0
0
3036
1
3038
1
1
3042
1
1
1
0
3047
3048
3049
1
3050
1
1
0
3055
3055
0
3057
3059
3060
3060
3062
3062
1
1
3065
1
0
1
0
0
1
1
0
3075
0
0
1
3079
3079
1
1
0
0
3085
0
0
1
3089
0
0
1
0
1
1
3096
0
3098
1
0
3101
0
0
1
1
1
3107
3108
1
1
0
3111
3112
0
3115
0
1
1
3119
1
0
0
0
0
3125
1
1
1
0
0
1
1
3133
3133
3135
3135
3136
3137
3138
3140
3141
3141
3143
3144
1
0
1
3147
3149
3150
1
0
3152
3153
3154
3156
3156
3158
3159
1
3160
0
3163
0
3164
3166
3167
3168
1
3169
3170
0
3173
1
0
3176
3176
3178
0
3180
1
0
3183
3183
1
3186
0
3187
0
1
1
1
3193
0
1
3195
0
3197
3198
1
1
1
1
0
1
3205
3206
3207
3209
1
3210
3211
3212
3214
0
1
3216
3217
1
0
1
0
1
0
1
0
3227
3228
3228
3229
3230
1
3232
3233
1
3235
1
1
1
0
0
0
3243
3243
1
3246
3247
0
3248
0
0
0
3253
3254
1
3256
1
3257
0
0
3260
0
3262
0
3264
3266
1
3268
3269
1
0
3272
3272
3273
0
0
3276
3277
1
0
3281
3282
3282
0
0
0
3287
3288
0
3290
3291
0
1
3293
0
0
3297
1
0
3300
1
1
3303
0
3304
3306
3306
3308
3308
0
3311
3312
3312
1
3314
1
3316
3317
1
3320
1
0
0
0
0
3325
3327
3327
3329
3329
3330
1
3332
0
3335
3336
1
3338
1
3339
3340
3341
1
3343
1
3345
1
3348
3349
3349
1
3351
3353
3353
0
1
1
0
3358
3359
3361
3362
3362
3363
3365
0
3367
1
1
0
1
3371
3372
1
3374
0
3377
3377
1
1
1
0
1
1
3385
0
0
0
1
1
1
3392
3392
3393
3395
1
3396
3398
0
3399
3401
3401
3402
0
1
1
0
3407
0
0
3411
1
3412
3413
3415
3415
0
3417
3418
1
0
1
3423
0
3425
0
3427
3427
1
3429
0
3431
1
3434
0
3436
3437
1
3438
0
3440
3442
1
3444
3444
1
1
1
0
0
3451
1
0
3453
3454
3456
3457
3457
0
3459
1
3462
3462
3463
3465
3466
3467
3467
0
0
0
1
1
3473
1
3475
1
1
1
0
3480
3482
3483
1
0
1
1
1
3489
3489
0
3492
3493
1
1
0
3497
3497
1
3499
0
3501
3502
3504
3505
0
1
3508
3509
3509
1
0
0
0
3515
1
1
3517
3519
3520
0
0
1
1
3525
0
0
3527
1
3529
1
1
3532
3534
1
3535
1
1
3539
3539
3541
3542
3543
0
1
3545
1
3548
3549
3550
3550
3552
3553
1
1
3555
3557
0
0
3559
1
3562
3563
3563
0
3566
3567
0
3568
1
3570
1
3573
1
1
0
0
3577
0
3579
3581
0
3583
3583
1
3586
3587
3588
1
3590
3591
3592
3592
3594
3594
0
0
3597
0
3600
0
3601
1
3603
1
3606
1
3607
1
1
1
3612
3612
3614
3615
1
0
1
3619
0
0
3621
3623
1
3624
3625
3626
3628
0
3630
3631
0
0
3633
1
1
0
3638
1
3639
3640
3641
0
3643
3644
0
3647
0
0
1
3650
0
3653
0
0
3655
0
0
1
1
3661
3661
0
1
3665
3665
3666
0
3669
0
3671
3672
3672
1
1
1
3676
3677
3678
3679
1
3681
3683
3684
3685
0
3686
3687
3688
3690
1
3691
0
3693
3695
3696
1
1
1
0
1
3701
1
3703
1
0
3706
1
3708
3709
3710
1
3713
0
1
3716
3717
1
3719
3719
3720
1
3723
0
3725
1
0
0
3728
0
0
3732
3733
0
1
0
3737
0
3739
0
3741
0
3742
3743
1
0
1
1
0
3749
1
3751
3752
3753
3755
1
3757
1
3758
0
1
3761
1
3763
3764
1
3766
3767
0
3769
1
3772
3773
1
0
3776
0
0
0
0
1
1
0
3783
3784
0
0
3788
0
1
0
3791
0
3794
1
1
1
3797
3799
1
3801
1
3802
3804
1
0
3807
0
1
3810
0
3812
3812
3814
0
3816
3816
1
3818
0
3821
1
3822
0
3824
0
3826
1
3829
3830
3831
0
3833
3833
1
3836
1
3838
3838
1
3841
1
3843
3843
3845
3845
3847
3848
0
1
1
1
3852
1
1
3856
1
0
0
0
3860
1
1
3863
3864
0
0
3868
0
1
3871
1
3873
1
3875
1
3877
3878
3879
1
3880
0
0
1
3884
0
3886
3888
3889
0
0
3892
0
3893
3894
0
0
3897
0
3900
0
3902
3902
3904
3905
3906
3907
3907
3909
1
0
3912
3913
0
3915
3916
0
3917
3919
3919
3920
3921
3922
3923
3924
1
3927
3928
1
0
3931
3931
1
3933
3935
0
3937
3937
3938
1
0
3942
3942
1
3944
1
1
0
3948
3949
1
0
3953
3954
0
1
3957
0
3959
3960
3960
3961
3963
3963
0
1
3966
3967
3969
0
0
1
1
3973
3975
3975
1
1
3978
1
1
3981
0
3983
0
1
3987
1
0
3990
1
3992
3992
3994
3995
3995
1
3998
3998
3999
0
4001
0
0
4004
4006
4006
0
4008
0
4010
1
1
0
1
4016
4016
1
0
0
4020
1
4022
4024
4024
0
4027
4028
1
1
4031
4032
0
4033
1
4036
4036
0
1
4040
4041
0
1
4044
4044
1
1
4048
1
4050
1
0
4052
4054
4055
1
4057
4057
1
1
4060
4062
4063
0
0
1
0
0
4068
4069
0
4072
1
1
4075
0
1
1
0
4080
0
4081
4083
0
0
4085
4087
1
0
0
4091
4092
4093
4094
4095
1
0
0
0
0
0
0
4103
1
1
1
4107
4108
1
4110
1
1
4113
4114
1
1
0
0
1
0
4121
0
4122
0
4124
1
4127
1
1
4130
4130
4132
0
4134
1
4136
4137
4137
4138
0
1
0
4143
4144
4144
0
1
4147
4149
4150
4150
1
4153
4153
4154
4155
1
4158
4158
1
0
4162
4163
4164
1
1
0
4168
0
0
4170
4171
4172
0
0
0
4176
0
4179
4179
4181
4181
0
1
4184
4186
1
4187
4189
0
4190
4192
1
0
4195
0
4196
4198
1
4199
1
1
0
1
1
0
4207
0
4209
4210
1
4212
1
4214
4215
4216
4216
0
4218
4219
4221
4222
4223
1
1
1
4226
0
4229
4229
4231
4231
4232
1
1
4236
4237
4237
4239
1
1
1
4242
0
4244
4245
4246
0
1
4249
4250
4252
4252
0
4255
1
1
4257
0
4259
4260
4261
4262
0
1
4265
1
0
4269
4270
4270
0
1
1
1
1
4276
4277
4278
4280
1
0
1
0
4284
4286
4287
0
4289
0
0
4291
0
1
1
4295
0
4297
4298
4299
1
4301
0
0
4304
1
0
4308
1
1
0
4312
0
4313
0
4316
4316
4317
4319
1
1
1
1
1
4325
0
0
4328
4328
0
1
4332
4333
4333
4334
4336
0
4337
4338
4339
4341
0
0
4344
4345
0
1
0
0
1
4350
4351
1
0
1
1
4356
1
0
4360
4360
4362
0
4363
0
1
4366
4367
4369
4370
0
4372
0
1
4374
4375
0
4378
1
0
1
4381
4383
4383
4384
4385
1
4387
4388
4389
1
4392
1
4393
0
4395
4397
4397
4398
0
0
4401
0
0
0
0
4406
1
0
0
1
4412
4413
1
4414
4416
4416
1
4418
4419
0
4421
0
0
0
4425
4427
0
0
4430
1
4432
1
1
0
0
4437
4438
0
0
1
4441
4443
1
1
4446
4446
0
4448
1
4450
0
4452
4453
1
4455
4456
4458
1
4460
0
1
4463
0
4465
1
0
4467
4469
4469
0
1
1
4473
4474
0
1
4478
4478
4480
0
4482
4483
4483
0
1
4487
4488
1
4490
4490
4491
0
0
0
4496
0
4498
4498
4499
1
4502
0
0
4504
4505
0
1
0
1
4510
0
4513
4514
4515
4516
4517
1
4518
1
4520
4521
4522
4523
0
0
4527
4528
4529
4530
1
4532
4532
4534
4534
4536
4536
1
0
0
0
4542
0
4544
4544
0
0
0
4548
4549
1
4551
4553
4553
0
0
4557
0
0
0
4560
4562
1
4563
4565
4566
4566
1
1
1
0
1
1
1
4575
4576
4577
0
1
1
4580
4581
4582
0
0
1
4586
4588
0
0
4590
0
4592
0
4594
4596
1
1
0
4600
0
0
0
0
4604
4605
4606
4607
1
4609
0
4612
4612
4614
4614
4616
1
4618
0
4619
4620
4621
1
4624
1
1
0
4627
1
1
0
4631
0
0
1
1
4637
0
4638
1
4641
4641
0
0
4644
4646
4646
1
4648
4650
1
4651
1
1
4654
0
1
4658
4658
1
4660
0
4662
4663
4664
4665
4667
1
1
4669
4671
0
1
4674
4675
0
0
4678
4679
4680
4681
4681
4682
1
4685
4686
4687
1
0
1
1
1
1
1
4694
4696
0
4697
4698
1
4700
4702
4702
1
4705
1
4707
1
4709
1
1
4711
4712
1
0
4715
4716
1
0
4720
1
4722
0
0
4725
4726
0
4727
0
4729
4731
1
4733
0
4735
1
1
4738
4738
4740
4740
0
4743
0
0
4746
0
0
4748
4750
1
0
4752
1
4755
4756
4757
4757
0
0
1
0
4762
1
4764
4765
4767
1
4768
1
4770
1
4773
0
4774
4775
4777
0
1
4780
4780
1
1
0
0
1
0
4787
0
1
0
1
4793
4793
4795
1
1
4797
4799
4799
0
4801
1
1
0
4806
1
4807
4809
0
0
1
1
0
4815
4815
4817
4818
0
0
0
0
4822
1
4824
0
1
0
4829
4829
4830
4832
4832
4833
0
0
4837
1
1
4840
4841
1
1
0
4844
0
1
0
4848
4849
4851
4851
0
4853
0
1
4856
0
0
4860
1
4861
4862
4864
4864
0
0
4867
4868
0
4870
4871
1
0
4874
0
1
0
0
4880
1
4882
1
0
0
0
0
4888
4889
4890
1
4892
0
0
4895
4896
4896
1
0
1
4901
1
4902
0
1
0
1
1
4908
1
1
4912
0
4914
4915
4916
1
0
0
4920
1
0
0
1
1
0
1
0
4928
4930
4931
1
1
4934
1
4936
4937
4937
4938
4940
1
1
1
0
4944
4945
1
4948
4948
4950
4950
4952
0
4953
4954
4955
0
1
4958
1
4961
4962
4962
4964
4965
0
1
1
4969
0
4970
0
1
4974
0
0
1
4977
1
1
4980
1
0
4984
4984
4986
0
4988
0
4990
4991
4991
4993
1
4995
1
1
4998
0
4999
1
5002
5003
1
0
5006
5007
5008
5008
1
5010
1
5012
5014
0
1
5016
0
0
5019
1
1
5023
5023
5025
0
5027
0
5029
1
0
5031
0
0
5035
1
0
5037
5039
5039
5041
1
1
0
5045
5045
5047
5048
0
5050
0
5052
5052
0
5054
5056
1
0
0
5060
0
5061
5062
5063
5064
5065
0
5068
5068
5070
0
5072
0
1
0
1
5076
1
5078
1
1
5082
5083
0
1
5086
5087
5087
5089
5089
0
5091
5093
0
1
5096
1
5098
5098
0
0
5102
5102
1
5104
5105
5106
0
0
5110
0
1
0
0
0
5116
5117
0
5118
0
5121
0
1
0
5124
1
5126
5127
5128
5130
1
1
5133
0
5134
0
1
0
5138
1
1
5142
0
0
5144
5145
0
5147
5148
5150
5150
0
0
5154
1
1
1
0
5158
0
5160
0
1
1
5165
1
5166
5167
5168
1
5170
5171
5173
1
5175
1
5176
0
5179
5179
5181
5181
5183
1
0
1
5186
5188
1
5189
1
5192
0
5193
5195
5195
0
0
1
0
5201
0
0
5203
0
5205
5206
5208
5209
5209
5210
5211
5212
5213
5215
5216
0
1
5219
5219
5220
5222
1
0
0
5226
1
0
5229
0
5230
5231
1
5234
5234
5236
5236
0
0
5240
1
0
5243
5243
5244
5245
5247
5248
0
5250
5251
1
5253
5253
0
5256
5256
5258
0
5260
5261
1
5262
5264
5264
5266
5267
0
5269
0
0
5271
0
1
5275
5275
5277
1
5279
5280
0
5281
5283
5283
5285
0
5287
1
5289
1
5290
0
5293
1
5295
1
0
5298
0
1
1
5301
5303
5304
0
5305
5307
5307
0
0
0
0
0
5314
5315
5315
1
1
5318
5319
1
5321
1
5323
0
5325
5327
0
5328
5330
1
5332
1
5333
5334
0
5336
5337
1
5340
5340
0
5342
1
1
0
1
5348
1
1
1
5352
5352
5354
5355
1
5357
1
5359
5359
0
0
5363
1
5364
5365
0
1
5369
5369
0
0
1
5374
5375
1
5377
5377
0
1
5381
5381
1
5384
5385
5386
5387
5388
1
5390
0
0
5393
5393
1
1
1
5398
5399
5399
1
5401
5402
0
0
1
5406
5407
1
5410
0
5412
5412
5414
5414
5416
0
0
1
5419
0
1
1
5423
5425
5426
5427
0
0
5429
5431
1
1
1
5434
5435
1
1
5439
5439
5441
0
1
5443
1
0
1
5448
5449
5450
5451
5451
5453
0
5454
5456
5456
0
1
0
5461
1
1
0
0
1
5466
0
1
5469
5470
5471
1
1
5475
0
5477
1
0
5479
5481
5482
5482
5484
1
0
0
0
5489
1
5491
5491
5493
5494
0
5496
5496
1
5498
5499
1
1
5503
5504
5505
5506
5506
0
1
1
5510
5512
1
5513
1
5515
1
5517
1
5520
0
1
5523
1
1
1
5527
0
5529
0
1
1
1
5534
5535
0
5536
0
5538
5540
1
1
5543
1
5544
0
5546
5547
1
0
0
5552
5552
1
5555
1
5556
1
5559
5560
5561
5561
1
0
5565
5566
5566
1
5569
1
5571
0
1
1
5574
5575
5577
0
1
0
5581
1
5583
0
1
5586
0
5587
5589
5589
1
5591
1
5593
0
5596
0
5598
5598
5599
5600
5601
0
1
5604
5605
1
1
5609
5609
1
5612
1
1
1
0
5617
5617
5619
5620
1
5622
1
5623
0
5625
1
0
5628
5630
1
5631
0
0
1
5636
5637
5637
1
5640
0
1
1
5643
5644
1
0
5648
0
0
0
0
0
0
5655
5655
5656
0
0
1
5661
1
1
1
5664
1
1
5667
0
5669
1
0
5673
0
0
5675
5676
5677
1
0
5680
5682
5683
1
5684
5686
5687
0
5688
5689
5690
1
5692
1
0
0
5696
0
0
0
1
1
5702
5704
5704
0
5707
0
1
5710
5710
0
1
5713
0
1
1
0
1
5720
1
0
5723
1
5725
0
5727
5727
1
5730
5730
1
1
1
0
5735
0
1
1
5740
5740
5741
1
5744
5745
1
5747
0
5749
1
1
5752
0
0
5754
1
5757
5757
5758
0
0
1
5763
5763
5764
5765
5766
5768
5768
1
1
0
1
0
5774
0
0
1
5778
5780
5780
5781
5783
1
1
0
1
1
5788
5790
0
0
1
0
5795
1
5796
5797
5799
5799
5801
0
5802
5803
5804
5806
0
0
5809
5809
0
0
0
0
5815
1
5816
5818
0
1
1
1
5822
1
5825
5826
5826
1
0
1
0
5831
0
0
0
1
1
5837
1
1
5840
5841
5843
0
5844
5846
1
1
5848
5849
0
0
1
0
1
5856
1
5857
1
0
0
5861
1
1
0
1
5867
5867
0
0
5871
5871
0
5873
5874
5875
5877
5877
1
1
1
5882
5883
5883
0
1
5887
5888
1
0
1
5891
5892
1
1
5895
5897
1
5899
0
0
1
5903
5904
5905
0
1
5907
0
1
5911
5912
0
0
5914
5916
5916
0
5919
5920
5920
5922
1
0
5924
5925
5927
0
0
1
1
5932
0
0
5935
1
1
0
5938
5940
5940
5942
5943
5944
5945
5946
5947
1
0
5950
5951
5951
5953
5953
0
1
5957
0
5958
5960
1
0
5962
1
5964
1
0
5968
1
0
0
5972
5973
5974
1
5976
5977
0
1
5980
5981
5981
1
1
5984
1
5987
5988
5988
5989
0
5992
5992
1
5995
0
0
1
5998
5999
1
6002
6002
1
0
0
1
6008
6009
0
6010
1
1
6014
0
6015
6016
6018
6018
6020
1
6022
1
6023
6025
1
0
0
6029
6029
6030
6032
6032
6033
6035
6035
0
6037
6039
1
6040
6041
6042
0
6045
6045
0
6047
6048
6049
6050
0
0
6054
6055
6055
0
6057
6058
1
0
0
6062
6063
6064
0
1
6067
6068
6070
6071
1
0
0
1
6076
6077
1
1
6079
6080
6082
6083
6084
0
0
0
0
1
1
6091
6092
6093
6093
6095
6096
0
0
6099
1
6101
0
1
1
1
6105
1
0
6108
6110
6110
6111
6112
0
1
6115
6117
1
6118
6120
6121
0
1
0
6125
6125
6127
1
6128
0
6131
0
1
1
1
1
6136
0
1
6140
6140
6141
6143
0
6144
6145
0
0
6148
6150
6151
6151
1
0
6154
1
6157
6157
6159
0
1
6161
0
6164
6164
0
6167
0
6168
1
1
6172
0
1
1
0
6177
6178
0
1
0
6182
6183
0
6185
6185
0
1
6189
0
1
6191
6193
6193
6195
6195
6196
0
0
1
6200
6201
6202
6203
6205
0
6206
1
1
0
1
6212
0
6214
6214
6216
6216
6217
6218
6220
0
1
6223
0
0
0
1
6227
1
1
6231
6231
0
6233
6235
6235
1
1
0
6239
6241
1
6242
6243
0
6246
0
0
0
6249
6250
0
6252
1
1
6255
0
1
6259
6260
6261
6262
1
6264
0
1
0
6267
1
6269
6270
0
1
6274
6274
1
6276
0
1
6280
0
6282
6282
1
1
1
0
1
6288
0
6290
0
6293
6293
1
6295
6297
6297
0
6299
0
0
6302
6304
0
0
6306
6307
6309
0
0
1
6313
6313
6315
1
6316
0
0
1
0
6321
0
6324
0
6325
0
6328
6329
1
0
6332
0
6333
1
0
1
1
6338
6339
6341
1
6343
6343
1
0
0
6347
0
0
6350
0
0
0
6354
6356
6357
6357
6359
0
6360
1
0
6364
0
6366
1
1
0
6369
0
6372
0
6374
0
6375
6377
1
6378
0
1
6381
0
6383
1
1
0
1
6389
0
1
1
6392
6394
6395
1
6396
0
0
0
6400
0
1
1
0
6405
6407
1
6409
1
6410
6412
1
6414
6415
1
6416
0
0
1
1
0
1
0
1
0
6427
0
6429
6429
0
6432
0
1
1
6436
0
6438
6439
6440
6440
6442
1
0
1
6446
0
6447
0
6449
6450
0
6452
6453
6454
0
1
6457
6459
6459
1
0
0
6463
0
0
0
6468
6468
6469
6470
6471
6472
0
6474
6475
6476
6477
6479
6480
6481
6481
0
0
1
1
6487
6487
0
0
1
0
6493
6493
6495
6495
0
6498
6498
6499
1
0
0
0
6505
1
6507
6508
1
6509
1
1
1
1
6515
6515
1
6518
1
6519
6521
6521
6523
6523
6525
6525
0
6528
6528
1
6531
0
0
1
1
6536
0
1
0
6540
6540
1
6542
6543
6544
6546
0
0
1
6550
1
6552
0
0
6555
6556
6556
0
0
0
1
0
6563
6564
1
6566
6566
1
0
6570
1
6571
6572
0
1
6575
0
6577
0
6579
6580
0
6582
6583
0
6585
0
0
6588
1
6591
1
0
1
6594
0
0
6597
6599
6599
6600
0
6602
0
1
1
6606
0
0
6609
6611
6611
6612
1
0
6615
1
0
1
6620
6620
1
1
1
6625
6626
1
1
0
6629
0
1
6632
1
0
6636
6636
1
0
6639
6640
1
0
6644
6645
1
1
0
1
6650
6650
0
0
6653
6655
0
6657
6658
6658
6660
6661
1
0
6663
0
0
6666
6667
6669
0
6671
0
1
0
1
1
6677
0
6678
6680
6680
0
6683
0
1
1
6687
0
0
6690
1
6691
1
0
6695
6695
0
0
1
6699
6701
0
0
1
6705
0
6706
1
6709
1
6710
0
6712
6714
6714
6716
6717
6717
1
1
6721
6721
1
1
1
6725
0
1
6728
1
0
0
1
0
1
6735
1
0
1
1
0
6741
0
6744
1
6745
6746
1
0
6750
0
6751
0
0
6755
0
1
1
6759
6760
0
0
6762
6764
6765
0
6767
1
6769
6770
6770
0
6772
0
6774
0
0
6778
1
0
1
0
1
0
6785
6785
0
6787
0
0
1
6792
6793
0
1
6795
0
6798
6799
0
0
1
1
6803
0
6805
6806
1
0
6809
0
1
0
6814
1
0
0
6817
6818
1
6821
0
6822
1
6825
0
6827
6827
0
6830
6830
1
0
0
1
0
1
6837
6838
6839
0
1
1
0
0
0
1
1
0
6850
6851
1
6852
6854
6855
6856
1
6857
1
0
6861
1
6862
1
6864
1
6866
0
6868
0
0
1
0
0
6875
1
1
6877
6879
0
0
6881
6882
0
1
1
0
1
1
0
1
6892
0
1
0
6895
1
6897
1
6899
6900
6901
6902
1
0
0
6906
1
1
6909
0
6912
0
1
6914
6915
0
1
0
6919
6921
6922
6922
0
0
6926
6926
6928
6929
6929
0
6932
1
6934
6934
6936
1
6937
6939
0
1
0
0
6944
0
0
6946
0
1
1
0
0
0
6953
0
6955
0
1
0
1
1
1
1
6964
6965
0
6966
6968
6969
0
6970
1
0
1
6974
6975
0
6977
1
0
6981
6981
6983
6984
1
6985
6987
1
6989
0
6991
6991
6993
6994
6995
0
6996
6998
0
6999
7000
7001
7003
1
7004
0
0
1
1
7010
0
1
0
1
1
7016
7017
7018
1
7019
0
0
1
7023
0
1
0
7028
0
1
7030
7032
1
0
7034
1
7036
7038
7038
1
1
0
1
7044
1
1
7047
1
7049
7050
1
0
7052
0
7055
7056
7057
7058
0
7060
1
1
7062
1
7065
7065
1
1
7069
1
7070
1
7072
7074
1
0
1
1
7078
7080
1
7082
1
1
7084
7086
1
7087
7088
7089
0
1
7093
7094
7094
1
1
1
7098
7100
7101
7102
0
7103
7105
0
7106
0
7109
1
7111
7112
7112
7113
1
1
0
7118
7118
7119
7120
1
7122
1
0
0
0
0
7129
7129
0
0
7133
7133
1
7135
7136
0
7138
7139
1
1
0
0
7145
7146
0
0
7148
7150
0
1
7153
0
0
0
7156
7157
7158
1
7160
1
7162
0
7165
1
0
0
1
0
7171
0
7173
7173
0
7175
0
7178
7179
0
7180
7181
7183
7183
0
0
1
7187
7189
7189
7190
7192
7192
7193
7194
0
7196
7198
0
0
7200
7201
7203
1
0
7205
0
0
7209
7210
7211
7211
0
7213
0
7215
1
1
0
7219
1
1
7222
7224
0
1
7226
0
7228
1
1
1
7232
1
0
7235
7237
7238
7239
7239
7240
7242
1
7244
1
7246
7246
0
1
1
1
0
1
0
0
7255
1
7257
0
7259
0
7262
7262
0
7264
1
1
7268
1
1
1
0
7272
7274
7275
7276
7277
1
0
7279
7281
1
1
1
7285
1
0
7287
0
7290
1
7292
0
7294
1
0
0
7298
1
1
1
0
0
7304
0
7305
1
1
1
0
7311
1
0
7314
1
1
1
0
7318
7319
7320
0
1
7323
1
1
1
7328
7328
7330
1
7331
1
0
7334
7336
7336
0
7338
7339
7341
1
1
1
7344
7345
1
7348
0
0
7350
0
7352
7353
1
7356
1
0
7359
7360
7360
0
7363
7363
7365
0
7367
0
7369
7370
7371
7372
7372
0
7375
7376
7376
7378
7379
7380
7381
7382
0
0
7385
0
7387
7387
0
0
0
1
7393
0
7395
7396
0
7397
7399
7399
0
7401
1
7404
7405
0
1
7407
7408
0
1
1
7413
7413
0
0
1
7417
1
0
1
7422
1
0
0
7425
7426
1
1
7430
0
7432
7433
7433
1
7436
7437
7438
7438
1
1
0
1
0
7445
7446
7446
1
7449
7450
0
7452
0
0
7454
1
0
0
7458
7460
0
0
7462
1
0
0
0
7467
7468
1
1
7471
1
7474
1
0
7476
7478
1
0
7481
7481
7482
7483
0
7486
1
7487
1
7490
1
7492
7493
0
7495
7495
1
0
7499
7499
7500
7501
0
7504
7505
7506
0
1
7509
1
0
7511
7512
0
7515
7515
7517
7517
0
7520
0
7522
1
7523
7525
0
1
0
1
7529
7531
7532
1
7534
0
1
1
7538
1
0
1
0
0
7543
7545
7546
0
7547
7548
1
1
7552
1
7554
0
0
0
7558
0
7560
7561
1
1
7564
7565
7565
7567
7567
7568
1
1
0
0
7573
7574
7576
1
0
0
7579
7581
7581
1
7584
7584
1
0
7587
0
7590
1
1
0
0
7595
7596
1
1
7598
7599
0
0
1
7603
7604
1
1
7607
1
7610
7611
0
7612
1
0
1
1
7617
7619
7620
7620
0
7622
7624
1
0
0
7627
0
0
7630
7631
0
1
7634
7635
1
7637
0
0
0
7641
0
7644
7644
7646
0
1
7648
7649
7650
1
0
7654
7655
7655
7657
1
1
0
1
0
0
0
7665
7665
1
7668
7669
7670
0
0
7672
7674
7675
7676
7676
7678
0
1
7680
0
7682
7683
1
7685
0
0
7688
1
7691
7692
0
0
7694
1
0
0
7698
1
7700
0
7702
1
7705
7705
7707
7708
7709
1
0
1
7712
0
1
0
7716
1
7718
7719
1
1
7722
1
1
0
0
7728
7729
1
1
1
0
7733
1
0
7737
1
7739
7739
0
7741
7743
0
7744
7746
0
1
7749
1
7751
1
0
0
1
0
0
1
7758
7759
7761
7762
1
7764
7764
1
0
7767
1
0
1
0
1
1
1
7775
7776
7778
0
0
0
7782
7782
7784
1
7786
7787
0
7788
7790
0
0
7792
7793
7794
1
7797
0
0
7799
0
0
0
0
1
7805
0
0
7808
1
1
7811
1
7813
0
7815
0
1
0
7819
1
1
7822
1
1
7826
0
7827
0
7830
1
1
7832
7833
1
1
0
0
0
0
0
7842
7842
1
7844
7846
1
0
7849
1
0
1
7852
7853
1
0
0
7858
0
0
7860
0
1
7863
7864
0
0
0
7869
0
0
1
1
7874
0
1
7876
1
7878
7880
7880
1
7882
0
7885
7885
7887
1
0
1
7890
0
7893
1
7895
0
1
7897
7898
1
0
7902
0
0
0
0
7906
0
1
7910
1
1
1
7913
0
0
7917
7917
1
7920
1
0
0
7923
7925
0
0
0
1
7930
7930
7932
0
0
1
7936
7937
0
7939
7940
0
7941
1
7943
7944
7945
7946
7947
7948
1
1
7952
7952
7953
7955
7956
7956
7957
7959
7960
1
7961
7963
7963
1
7965
1
7968
0
7969
0
7971
0
7974
7974
7975
7976
7977
1
1
0
1
1
0
7985
1
0
7988
7988
1
1
0
0
1
1
1
7996
7997
1
8000
1
8001
8002
0
8004
8005
8007
0
0
8010
0
0
0
0
8014
8015
8017
1
1
8019
8021
1
1
8023
8024
0
8026
1
8028
8029
1
1
0
1
1
1
8036
8037
8038
8040
8040
8041
8042
0
0
0
0
0
1
8049
8051
8052
1
8054
8055
8056
1
1
1
1
8061
8061
0
1
0
8066
0
8068
0
1
0
1
8072
8073
8074
0
8076
1
8079
8079
8080
8082
1
8084
8084
1
8087
1
0
8089
0
1
8092
0
1
1
0
8098
8099
8100
1
0
1
8104
8104
8105
8107
1
0
0
0
8111
0
8114
1
1
8116
8117
1
0
8121
1
0
1
1
8126
8126
0
0
8130
1
0
0
0
8134
8136
8136
0
0
1
1
1
8143
8143
8144
8146
8147
1
1
8150
1
0
8153
8153
8155
0
8157
1
0
8160
0
0
8163
8163
1
8165
1
0
8168
8169
8171
8172
0
1
0
1
0
0
1
1
8181
1
8183
0
8185
8186
8187
1
8188
8190
1
8192
8192
8193
8194
8195
8196
8198
1
8200
0
1
8202
0
1
8205
8206
8207
8209
8209
8210
8211
8213
0
8215
8215
8216
0
8219
0
8221
1
1
0
8224
0
1
8228
8228
8229
1
1
1
8234
8234
8235
8237
8237
1
1
8241
8242
1
8244
0
8246
8247
8247
0
8249
8251
1
0
0
0
0
8257
0
8259
8259
8260
8262
0
8263
8265
0
0
8268
8268
1
1
1
1
8274
0
0
8277
0
1
8279
1
0
1
8284
0
8286
1
0
8288
8290
0
8292
1
1
8294
8296
0
1
8298
8300
8300
8301
1
8303
8304
0
8306
8308
8309
8309
8311
8311
8312
8313
0
8316
0
0
0
1
8321
8322
0
1
0
1
0
1
1
1
0
0
0
8334
8334
1
1
1
0
1
1
8341
8343
0
0
1
8346
8347
0
8350
0
8351
8352
1
8355
8355
8357
8357
8359
8360
1
8362
1
8363
8364
0
8366
1
8368
8369
8370
8371
8372
0
8375
0
8376
8378
8378
8380
8380
8381
0
8384
8385
1
0
8387
8388
8389
8390
1
8393
0
8394
8396
8396
1
0
8399
8401
8401
0
8404
1
8405
1
0
0
0
1
0
1
8413
1
1
8416
8417
8418
8420
8420
8422
8422
8423
1
1
0
8428
8428
1
8430
8431
8433
8433
0
0
1
1
8439
0
0
8442
8442
0
1
8445
1
8447
0
0
8451
0
1
1
1
8456
8457
0
8459
1
8461
1
8463
8463
8464
0
8466
8468
1
1
8471
1
8473
0
8474
0
0
1
1
1
8480
1
0
1
1
1
1
1
1
1
8491
8491
1
8494
8494
8495
1
1
1
1
8501
0
8503
8503
8505
8506
1
8507
8509
8510
0
8511
8512
0
1
1
0
0
8518
8519
0
1
0
8524
0
8525
8526
0
1
8530
1
1
8532
8534
1
8535
8536
1
0
8539
8540
0
1
0
0
8546
0
8547
8549
1
8550
1
1
0
8554
8556
1
8557
0
8560
0
8562
8562
1
0
1
8567
8567
1
8570
1
8571
8572
8574
1
8575
0
1
8578
8579
8580
0
8583
8584
8584
0
8586
8588
8589
8590
0
8591
8593
8594
0
0
8597
8598
8599
8600
1
8601
1
8603
8605
1
0
8608
8609
8609
8610
0
8613
8614
8615
8615
1
8617
8618
8619
1
8622
0
0
1
0
8626
8628
8629
8630
0
8631
1
1
1
8636
0
1
1
8640
8641
8642
8643
0
0
8646
8646
1
0
1
8651
1
8652
8654
8655
8655
8656
8657
1
8659
0
0
1
1
8665
0
8667
8668
8669
8669
0
8672
8672
0
8675
0
1
1
8678
8679
8680
0
1
8684
0
8686
0
0
8689
0
0
8691
8692
8693
8695
0
8697
0
8698
8699
8701
1
1
1
1
0
0
8708
8708
0
1
0
8712
0
1
8716
1
1
1
1
0
8721
8723
1
0
0
8727
1
0
1
0
8732
8732
8734
1
1
8736
8738
0
0
8741
0
1
8743
1
8745
8747
1
8749
0
1
8752
1
1
8755
8755
1
1
0
0
0
0
8762
8763
1
8766
0
0
8769
8769
0
8772
8773
8774
8774
8775
8776
8777
8779
1
1
1
8783
1
1
0
0
8787
8788
8789
1
8792
1
8793
0
0
1
8798
0
8800
8800
1
1
0
8805
8806
0
1
8808
0
0
0
8813
1
1
0
1
8818
8819
0
8820
0
8823
8823
1
1
0
8827
0
8830
0
8831
8832
8834
8835
0
1
0
1
8839
1
8842
1
8844
8844
8845
1
1
8848
0
0
0
1
1
8855
8856
8856
8857
8858
1
8860
8862
0
8863
8864
8865
8867
1
8869
0
0
0
8872
8874
1
1
8877
1
0
0
8880
0
8883
1
8885
8885
0
8887
8888
1
8891
0
8892
1
8895
0
8896
8898
8898
8899
8901
0
1
8904
8905
8905
8907
8908
0
0
8910
1
0
0
1
1
0
1
1
1
8921
0
0
8924
8925
8925
1
0
8928
0
8931
1
8933
0
8934
0
8937
8938
1
0
0
8941
0
8944
8945
8946
8947
8948
0
8950
8951
1
0
1
8955
8956
1
8957
0
8959
8960
8961
1
1
8964
1
1
0
1
8970
8971
8971
8972
8974
8975
0
0
8977
8978
0
1
8982
8983
1
8985
8985
8986
8988
8989
8989
0
8991
1
1
1
8995
0
8998
1
8999
9000
9002
9002
1
0
9006
0
0
9009
9010
9010
9012
9013
1
0
1
9017
1
0
1
9020
1
0
9024
1
0
0
9027
1
9029
9030
0
9033
9034
1
9036
9037
0
1
9039
9040
9041
0
9044
9045
1
9046
9047
0
9049
1
1
0
0
1
9056
0
9058
0
1
9060
0
9063
9064
1
9066
9067
0
0
0
9071
0
0
1
9074
9075
9076
9077
1
9080
9080
9082
0
0
9085
1
1
9087
0
0
0
1
9093
1
1
9095
9096
9097
9099
0
0
1
9102
9104
9105
9105
1
1
9109
0
0
0
1
0
1
1
1
0
0
1
0
0
9122
9124
9125
1
0
0
1
9130
0
1
1
1
9135
9136
0
9137
9138
0
9140
1
0
0
9145
9145
0
0
1
9150
1
0
1
1
9155
9156
1
9157
9159
9160
0
9162
9163
9164
9165
0
0
1
1
9169
0
0
1
9173
9174
0
9176
0
9178
1
1
1
1
9184
0
9185
9186
0
9188
9190
9190
0
0
9193
1
0
9196
9197
9199
0
1
1
9202
1
9205
9206
9206
0
1
1
0
1
1
1
9214
9215
9216
9218
9218
0
9221
9221
9222
9224
9224
9225
1
0
0
0
9231
9231
9232
0
9235
9235
1
9237
0
9239
9241
1
0
0
0
9245
1
9247
0
1
0
9252
9252
0
9255
9256
1
0
1
1
9260
9261
9262
0
9264
1
9267
1
0
9269
0
9271
1
9274
0
1
0
1
9279
0
1
0
1
0
9285
1
9286
0
0
9290
0
9291
1
9294
0
1
9297
9297
1
1
9301
1
9302
9303
9305
0
1
9308
9308
9310
0
0
0
9314
1
9316
9317
1
9319
9319
1
0
1
9324
9324
9326
9326
9328
9328
9330
9331
9332
9333
0
9334
9335
9336
9338
0
1
9340
0
1
1
9344
9345
0
9348
0
9349
1
1
9352
9353
9355
0
9357
0
1
1
1
0
1
9364
0
9366
0
0
9368
0
0
1
9373
9373
1
9375
9377
9377
9378
9379
9380
9382
0
9384
0
0
0
9387
9388
9389
9391
1
9393
0
9395
9395
9396
0
0
0
0
9402
9403
9404
9405
0
1
9408
9409
9410
9411
1
1
9414
9415
9415
9417
0
9419
0
1
9421
9422
0
0
9425
1
9427
1
9430
9430
0
1
1
9434
0
9436
1
9438
9440
1
9442
1
9443
9444
9445
9446
0
1
0
9451
9452
1
0
0
9456
1
9458
9459
0
1
9461
9462
0
9465
9466
9467
0
9469
9469
0
9471
9472
9474
9475
9475
9477
9478
9478
9480
9480
9482
9482
0
9484
0
0
9487
9488
9489
9491
9492
0
0
0
9495
0
9497
9499
0
9500
0
0
9503
0
0
9507
1
9508
1
0
1
9512
1
9514
9515
0
1
0
0
9521
9522
1
0
9524
9526
0
9527
9528
1
9531
0
9532
9533
0
1
9537
9537
0
1
1
0
1
9543
0
9545
1
0
9548
0
9551
0
1
9554
9554
0
1
0
9558
9560
9561
9561
1
9563
1
0
0
0
0
9569
9571
9571
9572
9573
9575
1
0
9578
9579
9580
0
0
1
9584
9584
9586
9587
1
9589
1
9590
9591
1
0
0
9596
0
0
9598
9599
0
0
1
9603
9604
9606
9606
9607
9608
9610
0
1
1
9614
1
9615
0
1
0
9619
9620
9621
0
9624
9625
1
9626
9627
1
9629
9631
9631
0
1
1
0
9636
9637
0
9639
9641
1
1
9643
9645
9645
1
9648
0
0
9651
9652
0
0
0
0
9657
9658
9658
0
9661
0
9662
9664
1
9666
9666
0
0
0
9671
1
1
9674
9674
0
0
9678
9678
9680
9681
0
0
9684
1
9686
0
1
9688
9689
9690
9691
0
9693
1
9696
0
9698
0
9700
0
0
9703
9704
9704
9705
0
9708
9709
9710
1
0
1
9714
9715
9715
1
9718
9719
0
9721
1
1
9723
0
1
0
1
0
1
9731
9732
9732
9733
0
0
9737
9737
0
9740
1
9741
0
1
9744
9745
9746
1
0
9749
9750
1
1
9753
1
9756
0
9758
0
1
9761
9761
9763
0
9764
9765
0
9767
9769
1
9771
9771
9773
1
9774
9776
1
1
0
9779
1
0
0
9784
1
1
1
9787
1
1
1
0
9793
0
1
0
0
9797
1
9800
9801
9802
0
1
0
1
0
0
0
1
9811
9811
9813
0
0
9816
0
9818
9819
9820
1
1
9823
9824
9825
0
9826
0
9828
9830
9831
1
9833
9833
1
1
9837
1
9838
0
0
1
9842
0
9845
9845
9847
9848
9848
1
1
9851
9853
9853
1
9856
0
0
0
1
9861
9862
9862
9863
1
9865
9866
9868
9869
0
9871
0
1
9874
1
0
9876
0
9878
9880
0
9881
0
9883
9884
1
1
9888
9888
9890
0
1
0
9894
0
9895
1
9897
0
1
1
9901
9903
0
9905
9905
9906
1
9908
0
1
9912
9913
9914
9914
9916
0
9917
1
9919
9921
1
9923
9923
0
0
0
9928
9929
9930
0
9932
9933
9934
1
1
1
9937
0
9939
9941
9942
0
1
1
9945
9947
9948
9948
0
0
0
9952
1
0
1
9957
9957
9959
9960
1
9961
9962
0
1
9966
9967
9968
9969
1
9970
9972
1
1
9975
1
0
9978
9978
9980
9980
0
9983
9983
9984
9986
9986
1
9988
9990
0
1
0
9993
0
9996
9997
1
9998
0
0
0
10003
0
1
1
10006
0
10008
10010
1
10012
10013
10014
10015
10015
10016
10017
10018
10020
10020
10022
0
10024
0
10026
10027
1
1
10030
10031
0
10032
10034
1
10036
10036
10037
1
1
10040
10041
10042
10043
10045
0
10047
10048
10049
0
1
10051
0
0
10055
0
10056
0
0
10060
10060
10061
0
10063
1
1
10067
10068
1
1
0
10072
10073
0
0
10076
10077
10077
1
10079
10080
0
10083
1
10085
1
10087
0
0
10089
0
0
1
10093
10094
0
0
0
1
10099
10101
10102
10103
10104
1
1
10107
0
1
1
0
10111
0
10113
1
0
10116
0
10118
10119
10120
1
1
10123
0
1
1
10128
10129
1
0
1
10133
10134
10134
10135
1
1
10138
1
0
10142
1
1
1
1
0
10148
10149
10150
1
0
1
1
1
1
10156
1
10158
10160
1
0
10163
0
0
1
1
10168
0
10170
10171
10172
10172
1
0
1
1
10178
10178
10180
0
10182
0
10183
0
0
10186
10188
1
1
10190
10192
10192
10193
1
0
10197
10197
0
10199
1
0
10203
1
1
0
10206
10208
1
10210
1
0
0
10214
10215
0
0
1
0
0
10220
1
10222
0
1
10226
10227
10227
10229
0
10231
1
10233
10234
1
1
0
10238
0
0
0
10242
10243
0
10245
0
10247
10248
10249
0
0
0
10252
10254
1
10256
10256
1
0
10259
1
0
1
10263
0
0
1
0
1
1
0
10272
1
0
10275
10275
10277
0
0
10280
0
1
10282
1
10284
0
10287
0
1
10290
0
1
10292
10293
1
10295
10297
10298
1
1
1
10302
10302
0
1
10305
0
10308
10308
1
10311
0
1
1
1
10316
1
1
10318
10320
10320
10322
10322
1
10324
10325
10327
10328
10329
1
1
10331
0
1
1
0
0
10338
10338
10340
10341
0
0
10343
10344
0
10347
0
0
10350
0
1
0
0
0
10356
10356
0
10359
0
10361
1
1
1
10365
1
10366
1
10368
0
1
10371
10372
1
10374
0
10377
0
10378
0
10380
10381
0
0
10385
1
0
10388
10389
10390
1
0
10392
10393
1
1
10396
10398
10398
1
10400
1
1
10403
1
10405
1
10407
0
1
10411
10412
0
10414
1
10415
0
0
10418
10419
10421
10421
1
0
0
1
10426
0
1
1
10430
10432
1
0
0
1
0
10437
0
10439
10441
1
10443
10443
10444
1
1
0
1
1
10451
10452
10452
1
10455
1
1
10457
10459
0
10461
10462
0
1
10464
10465
0
10467
10469
0
10471
0
10473
0
10474
10476
0
10477
1
10479
10481
10481
0
10483
0
10486
0
0
10488
10490
0
1
10493
0
1
10496
10496
1
10498
10499
10501
1
10503
10504
1
0
1
0
1
1
1
10512
0
1
0
10516
10517
1
1
10519
10521
1
0
0
10524
1
10527
10528
1
10529
10530
10532
1
1
10535
1
10537
10537
10539
10539
0
0
10543
1
10545
1
0
0
10549
1
1
10551
1
10554
0
1
10556
0
1
10559
1
10562
10563
1
1
10565
0
10568
10568
1
10571
0
10573
0
0
10576
10576
1
10579
0
0
10581
10583
10584
0
10585
0
0
10588
0
10590
0
1
1
10594
10595
1
10597
10598
1
10601
0
0
10604
10605
10605
10606
10607
10608
10609
0
1
10612
0
0
10615
0
1
10619
10620
0
10622
0
0
10624
0
0
10628
10629
1
0
0
0
0
10635
0
1
1
10639
0
1
10642
1
10643
10645
0
1
0
1
10649
10651
10651
1
0
1
0
1
10658
0
0
10661
0
1
10663
10665
10666
0
10667
10669
10670
10670
10671
1
10673
10674
10676
1
10678
1
1
10681
1
10683
0
0
1
10687
10688
1
10689
1
0
1
1
0
1
10696
10697
10699
0
0
10701
1
10704
10705
10706
10706
1
10708
0
10711
1
10712
10714
1
10715
1
10717
10718
10719
0
0
1
10724
1
1
10727
1
0
0
10731
10732
10732
10733
10734
0
1
0
1
10740
10740
1
10742
1
1
1
10747
0
1
1
10751
1
1
10753
10754
10756
0
0
10759
10759
10760
10762
1
10764
10765
10765
10767
10768
10768
10770
1
1
1
10773
1
0
1
0
10779
0
0
10781
10783
1
0
10785
10786
1
1
1
10791
0
0
10794
10794
10795
10796
10797
10799
10800
0
10802
1
10803
10805
0
1
10808
1
10810
0
10811
10813
10814
10814
1
1
10817
10818
0
10821
10822
0
10824
1
10826
1
0
0
10830
1
0
10833
1
10834
10835
0
10838
10839
10840
10841
10841
1
1
1
10846
1
1
0
1
10851
0
10852
1
10854
1
10857
1
10859
10860
1
1
10863
10864
10864
0
1
0
0
10869
10870
10872
10873
10874
0
10875
10876
0
0
10880
0
10882
1
10883
1
0
10886
10887
10889
10889
10891
10892
10893
0
0
0
1
1
0
10900
1
1
1
10903
0
10906
10907
10907
10909
1
10910
10912
10913
1
1
1
1
1
1
10919
0
10922
0
10923
1
0
10926
0
10929
10930
1
1
1
10934
1
1
0
1
1
10939
10940
10941
0
10943
10944
1
0
10947
1
10950
10950
0
1
10954
10954
1
10956
0
0
0
10960
0
0
0
10965
10966
10967
1
1
0
10970
10972
10972
1
10975
0
10977
10977
10978
10980
1
0
1
10984
0
0
10987
1
1
0
10990
10992
10992
10993
0
1
1
10997
10998
1
11000
1
1
11003
11005
11005
1
11008
11008
11009
11011
1
11013
11014
11015
1
11017
11017
1
11020
0
11021
1
0
1
1
0
0
11029
11029
1
0
11032
1
0
11036
11036
0
1
0
11041
0
11043
0
0
1
1
11048
0
11050
0
1
11052
11054
11054
11056
11057
11058
0
11060
11060
11062
11062
1
11064
11066
1
11067
1
0
11070
11072
11073
0
11074
11076
0
0
0
11080
0
1
11083
11084
1
11085
11086
1
0
11090
11090
11092
1
0
11095
11096
11097
1
11099
11100
11101
11102
11102
11103
11105
11106
1
11107
1
0
11110
0
0
0
1
0
11117
11117
11119
0
11120
0
0
11123
11125
1
11126
11128
0
11130
11130
0
1
0
11135
11136
1
1
1
0
1
0
11142
11144
11145
0
11146
11148
1
11150
0
11152
1
1
1
0
1
0
1
11159
11161
0
11163
1
0
11165
11166
0
11168
1
1
11172
11172
11173
11174
1
11177
1
0
1
11181
11181
0
1
11184
11186
0
0
0
0
11190
11192
11193
11194
11194
11196
1
11197
11199
1
11201
1
1
11204
11205
11206
1
11207
1
1
1
11212
1
0
1
11216
11217
11217
1
11219
11221
11221
11223
0
11224
1
0
1
0
11229
0
1
11232
11233
11235
11235
0
11238
1
0
1
0
11243
0
11245
0
11246
11247
11249
11249
1
0
11253
11254
11254
1
11256
1
11258
11260
0
11261
11263
0
0
0
11266
0
1
11270
11271
1
11273
0
0
11275
11276
0
0
0
11280
1
1
11284
0
1
1
0
1
1
1
11292
1
0
11295
11296
1
11297
11298
11299
0
0
1
11304
11305
1
11307
1
0
11310
11311
11311
0
1
1
1
11316
11317
11318
1
1
1
0
1
11324
11326
0
11327
0
11329
11331
11331
11333
0
0
1
1
11337
0
11340
11341
11342
1
11344
11344
1
11347
1
1
1
11351
1
11352
11353
0
11355
1
1
11358
11359
11361
1
0
0
11364
11365
11366
0
11369
0
0
0
0
11374
11375
1
0
11377
1
11380
1
0
11382
11384
11385
11386
11386
0
11389
11390
11391
1
0
1
0
1
0
11398
11398
11400
0
11401
11403
0
11404
0
1
0
11409
0
11411
1
0
0
11415
11415
0
1
11418
1
11420
1
11423
1
11425
11426
0
11427
0
11430
11430
11431
11432
1
1
1
0
11437
11438
11439
1
0
1
11443
0
1
11446
0
11448
11450
11450
11452
11453
0
11455
1
11457
11458
1
1
0
0
1
11463
11464
11466
11466
11468
11469
11470
0
0
1
0
0
11476
1
1
11478
1
11481
11481
11482
1
11484
11486
11487
1
11489
0
11490
0
0
0
11495
1
11497
11497
11499
11499
0
11502
11502
11503
11505
11506
11507
11507
11509
11510
11510
11512
11512
1
1
1
11516
0
11518
11520
11521
11521
11523
11523
11524
11526
11526
11528
0
11529
0
0
0
0
1
1
0
11537
1
11539
11540
11542
0
11543
11544
11545
1
0
11549
11550
11550
11552
11552
11553
11555
11556
1
11558
1
11559
0
1
0
11564
11564
1
11566
1
11568
11570
1
0
0
0
0
11576
0
1
1
1
0
11581
11582
11583
11585
11585
11586
0
11589
1
0
1
11592
11594
11594
0
0
0
1
11600
1
1
11602
0
1
1
11606
11608
1
11610
11611
0
11612
11613
11615
0
11616
1
0
1
0
11622
1
11623
0
11625
0
11628
11628
0
11631
11631
11633
0
1
1
11636
11638
1
11640
11641
1
11642
11644
1
11645
11647
0
11648
0
11651
11652
1
11653
11654
0
0
11657
11658
0
0
1
0
1
0
11665
11666
11668
0
0
0
1
0
0
11674
11676
0
1
11678
0
1
1
1
0
0
11685
11686
11687
11688
11690
11691
11691
11692
1
11695
11695
1
11697
1
11700
1
1
0
1
11704
11706
11706
0
1
11710
1
1
0
1
0
0
11716
1
1
1
11721
11722
0
0
1
1
0
11728
1
0
1
1
11733
11733
11734
1
0
11737
11739
0
1
0
11743
11743
1
11745
11747
1
1
11750
11751
1
0
11753
11754
11756
1
11758
11759
1
11761
11762
11762
11764
11765
0
1
1
1
0
0
0
1
11774
11774
0
11776
1
1
11780
0
11781
11782
11783
11785
11785
1
0
11789
11790
0
11791
11793
0
0
0
11796
11797
0
11800
1
11802
0
0
11804
11806
11806
0
1
0
11811
1
0
11813
11814
0
0
1
11819
11819
1
11821
11822
11823
11825
11826
0
11827
11828
11829
0
11832
11833
1
11835
11835
11837
1
11839
1
1
0
11843
1
11844
1
1
11848
1
11850
11850
0
11852
11854
0
0
11856
11858
11858
11859
1
0
11862
11864
11864
0
0
1
11869
0
11870
1
1
11874
1
0
11876
11877
1
0
1
11881
0
11884
1
11886
11886
11887
0
0
0
0
1
11893
1
11896
11897
11898
11899
11900
11900
1
11903
0
11905
11905
11906
11907
0
1
11910
0
11913
11913
0
11916
1
0
1
0
11921
11921
11923
11923
1
11926
0
11927
1
1
11931
11931
0
1
11935
11936
1
11937
11938
1
1
11941
0
11943
1
1
1
11947
0
11950
11951
1
1
11953
11955
0
11956
0
0
1
1
11962
11963
0
11964
11966
11967
11967
1
1
1
11971
1
11973
1
0
1
0
11979
0
11980
1
0
1
1
11985
1
0
1
11990
11990
0
0
1
1
11995
0
1
11998
1
0
1
1
12004
1
12005
12007
1
12009
12009
12011
12012
12013
12014
1
12016
1
1
12019
1
12021
1
1
1
12024
12026
0
12027
12029
12030
12030
12032
12032
12034
0
1
0
12038
12038
1
12040
0
0
12044
1
1
0
0
12048
0
12050
12052
12053
1
0
0
0
0
1
12060
1
12062
12062
0
12065
1
0
0
12068
12069
12070
12072
1
1
1
0
12077
12077
12078
1
12080
12081
12083
12084
0
12086
0
12088
0
12090
0
12091
1
12093
12095
12095
12096
12097
12099
12100
12100
0
1
12104
12104
1
1
1
0
12110
1
1
0
12113
1
12116
12117
0
12118
12119
1
1
12122
12124
1
12125
12127
12127
12129
12129
12130
12131
1
1
1
0
12136
0
0
1
12141
12141
12143
12143
12144
12145
1
12147
1
12149
1
12152
0
1
0
12155
12157
0
12158
12160
12160
12161
12162
0
0
0
1
12168
0
0
12171
12172
12172
12174
1
12176
1
0
12178
0
1
12181
0
12183
12184
1
0
0
12188
12189
12191
0
12193
1
12194
12195
1
12197
0
12200
12201
1
12203
1
12205
12206
12207
1
12209
0
12210
12211
1
12214
0
1
12216
12217
1
12220
0
1
12222
1
12225
12226
0
12228
12228
12230
1
0
12232
1
0
12236
0
12237
0
12239
0
12241
0
12243
12244
0
12246
0
12249
12249
12250
12252
12253
0
12255
12255
1
12258
0
12259
1
1
0
12263
0
0
12266
0
0
0
12271
1
0
12274
12274
0
12276
12277
1
1
1
12282
1
12284
12284
12286
12286
0
1
1
1
1
1
0
12294
1
1
0
1
12300
12301
1
12303
0
12304
12305
12307
1
12309
0
0
0
1
12314
0
12316
12317
0
12318
0
1
0
1
12323
1
1
12326
12328
12328
1
0
1
1
0
12334
12335
0
0
12338
1
12341
0
12343
0
0
1
12346
0
12349
12350
12351
12351
12353
12353
12354
12355
12357
12358
1
1
12361
1
12363
12364
12365
1
0
12367
0
12370
0
12371
12372
12374
12374
1
1
1
12379
12380
12380
1
12383
12383
0
12385
12386
12388
12389
12390
12391
0
12392
12393
1
0
1
1
12398
1
1
1
0
12404
0
1
1
12407
12409
1
12411
12412
12413
1
12415
12415
0
0
12419
1
1
0
12423
12424
12425
0
1
0
0
12429
1
12431
12432
12433
12434
1
12437
12438
0
12440
0
12441
12443
12443
12444
12445
12447
12447
12449
12450
12451
12452
0
1
12455
1
0
12458
0
1
12460
12461
12462
1
12465
12465
12466
12468
12469
12470
12471
12471
1
1
12475
12476
12477
12477
12479
1
12480
1
0
12483
0
12485
12486
12487
1
1
1
12492
1
12494
1
0
12497
0
1
12500
0
1
12502
12504
12505
12506
1
1
1
12510
12510
1
12513
1
1
0
1
0
0
1
12520
12521
12523
0
12524
12525
12527
12527
1
12530
12530
12531
12532
0
12535
12536
0
1
0
1
1
0
12543
12544
0
1
0
12548
0
1
12550
0
12553
0
12555
0
0
12557
0
1
1
0
12563
0
12565
12565
0
1
12568
12570
12570
0
0
12573
12575
12576
12577
12577
0
12580
12581
0
12582
12583
1
12586
12586
1
12588
12590
12591
1
0
0
12594
0
1
1
12599
12600
0
12602
0
1
0
0
12607
12607
12608
0
12611
0
12613
12614
1
1
12617
1
0
12620
1
1
12622
12624
0
1
1
0
12628
12629
12630
1
1
0
12634
0
0
1
12639
12640
12641
0
12643
1
0
0
0
12648
0
12649
12651
12651
12652
12653
12654
12655
0
12657
12658
1
0
12662
12663
1
12664
0
12666
12667
0
12669
12670
0
12673
12673
12674
12676
1
0
12679
0
1
0
12683
0
12684
1
1
12687
1
12689
12691
12692
1
0
12695
1
12697
12698
12698
12699
1
0
12703
0
12705
12706
12706
1
1
0
12711
12711
1
12714
12714
12716
1
12718
0
12719
12721
12721
12723
1
12725
12725
12727
1
1
1
1
0
1
12733
12734
0
12737
1
1
0
12741
12742
0
12744
1
1
1
0
12748
12749
12751
12752
1
12753
0
1
12757
12758
1
1
0
0
12762
0
12765
0
12766
12767
12769
1
0
1
12773
0
0
1
1
0
12779
12780
0
12781
0
1
12785
1
12787
12788
0
0
12791
12792
0
12794
1
1
12797
0
12798
12799
12801
12802
0
12803
1
12806
1
12807
12809
0
0
0
12812
0
1
12815
0
12818
0
12819
12821
12822
12823
12824
1
1
1
0
12828
12829
12830
12831
1
0
0
1
0
0
0
12839
12840
12842
0
12843
0
12846
1
12847
12848
12849
12851
12851
12852
12853
12855
12856
12857
12858
1
1
12860
12862
12862
1
0
1
1
1
12868
0
1
1
0
1
12875
0
12877
12877
0
12879
12880
12882
1
1
12885
1
1
12887
12888
1
12891
0
12892
12894
12895
1
1
12897
12898
0
12900
0
0
0
1
0
1
12908
0
12909
1
12911
1
0
12915
1
1
0
0
12920
1
12922
12922
0
12924
1
12926
0
0
12929
12931
12931
12933
1
12935
1
12936
0
12938
0
1
12941
0
1
12945
0
12946
12947
12949
1
12951
12951
12952
0
12954
1
12957
12958
12958
12960
1
1
12963
0
12965
1
12967
12968
12968
12969
12971
12971
12973
0
12974
12976
1
0
12978
1
12980
1
12983
1
12984
12986
12986
0
12989
1
12991
12991
0
0
12994
1
1
12997
0
0
0
1
0
0
0
1
1
1
13009
13009
0
0
1
13013
1
0
13017
1
0
13019
0
1
13022
13024
1
13026
0
13028
0
0
13030
0
13032
0
13034
13036
13037
1
13039
0
0
13042
13042
0
13045
13046
0
1
13049
13049
13051
13051
1
13053
13055
13055
13057
1
1
0
1
1
13063
13063
0
0
13067
13068
1
0
13071
1
13073
1
1
13076
13076
0
13079
0
0
1
13082
13083
0
1
13087
1
1
0
1
0
13092
1
13095
0
0
1
13099
13099
13101
0
13103
0
13104
1
13106
13107
0
13109
13111
13112
0
13113
13115
13115
0
13117
13119
0
1
1
0
13124
13125
1
13126
13127
13128
1
13130
0
0
0
0
1
13136
13138
0
13140
13141
13142
13143
13143
1
13145
13147
13148
1
0
13150
13151
1
13153
13155
13155
0
13158
0
0
13160
0
13163
1
13164
0
13166
13168
13169
13169
13170
0
13173
1
0
13175
13176
13178
13179
1
1
0
1
13184
13185
0
13187
0
0
13189
13191
1
1
1
0
13196
13197
13198
13198
13200
0
13202
13203
0
0
0
1
13207
13208
13210
13210
1
1
13214
13215
1
1
13218
13219
1
13220
13221
13223
13224
13224
13226
13226
0
1
13230
13230
0
13233
13233
13235
13236
13236
0
13239
0
13240
1
0
13243
0
13246
13247
1
13248
13249
13251
13252
13252
1
0
0
13257
13258
1
13260
13261
13261
1
13263
1
13266
13267
13267
1
0
13271
0
0
1
1
13276
13276
13277
13278
13280
1
1
1
13283
13284
1
1
13287
1
1
1
1
1
13293
13294
0
13297
13298
13299
1
1
13301
0
0
0
1
0
13307
13308
1
13311
0
13312
1
0
1
0
13317
13319
0
1
13321
0
13324
0
1
1
13327
13329
13330
0
1
13332
13333
1
1
13337
13337
1
13340
13341
13342
13343
0
1
13345
0
13347
1
13349
13351
13351
13352
13354
1
1
1
13357
13359
13359
13360
1
13363
0
0
0
1
13367
13369
1
0
13371
13373
1
13374
0
0
13378
1
13379
1
0
13382
13383
1
13386
13386
13388
13388
0
13391
1
13392
1
1
13395
13396
0
13399
13399
13400
13402
13402
13404
13405
0
0
13407
1
0
13411
13412
13412
13413
0
0
1
13417
0
0
13420
13421
1
1
13424
13425
13427
13427
13429
1
0
13431
13432
13434
13434
13436
13437
13438
13438
13439
1
13441
13442
1
13444
13446
0
13448
13448
13449
13451
13452
0
0
0
13455
1
13458
13459
1
13460
1
1
13464
1
13466
0
13467
13468
1
13470
13471
1
13474
13474
13476
13476
1
1
13480
1
13482
13483
1
13484
13486
1
1
1
1
1
13491
13493
0
13494
13495
1
0
0
13500
13500
13502
13503
13504
1
13505
13507
13508
0
0
0
1
0
13514
0
13516
1
13518
13518
1
13521
1
13522
13523
1
13526
13527
13528
13528
0
1
1
0
1
13535
1
1
1
0
1
1
13541
1
1
0
13545
13546
0
13549
13550
0
13551
1
1
13555
13556
13556
1
0
0
13561
0
13563
1
0
1
0
13568
1
13570
1
13572
0
13574
13575
0
13576
13577
13578
0
13580
13582
1
1
13584
13586
0
0
0
13590
1
1
0
13594
13595
1
1
13598
0
13600
13600
0
1
13604
13604
13605
13607
13607
1
13609
1
1
13613
13613
0
1
0
13618
13619
1
1
13622
13622
0
0
1
13627
1
1
1
0
13631
13632
1
0
0
13636
0
0
1
0
13642
13643
13644
1
13646
13647
13647
0
13650
13651
13652
13653
0
13655
1
13657
13658
13658
13659
0
13662
13662
13664
13665
13665
13666
1
13668
13670
0
1
13672
13673
1
0
0
1
1
1
13681
0
0
1
13684
13685
0
1
13688
13690
13691
13691
1
0
13695
1
0
13697
13699
13700
0
0
0
1
13704
13705
0
0
13708
0
13710
13711
0
1
13714
13716
1
13717
1
13720
13720
1
13723
13723
0
13725
13726
1
13729
1
13731
13731
13733
13733
13734
13736
0
1
13739
13740
0
1
1
13743
13745
13746
0
0
13748
1
13750
1
0
13754
0
1
13757
13757
13759
0
13760
0
13762
1
0
1
13767
13768
13769
13770
1
13772
13773
0
1
0
13777
1
13779
0
1
13781
13783
13783
1
1
1
1
13789
0
1
13791
13793
13794
1
0
13797
13798
1
1
13800
13801
0
13803
0
0
1
1
13808
13810
13810
13811
1
0
0
13816
13817
13818
0
1
13820
13822
13823
1
1
1
1
13827
13828
13829
13831
0
1
13834
13835
0
1
13838
13838
13839
1
1
1
1
1
1
1
1
0
1
13850
0
13853
0
13855
13855
13857
0
1
1
13860
13862
13863
13863
13864
1
1
13868
0
1
13871
13872
0
1
13874
13876
0
13877
13878
13880
13880
1
0
1
1
1
13886
13888
13889
1
0
1
0
1
0
0
13897
13897
0
0
13901
1
1
13903
0
13906
13907
13907
1
1
0
13911
0
1
13914
0
13916
1
13918
0
13921
13922
13923
0
13925
13926
1
13928
1
13930
13930
13932
13933
13934
13935
0
1
13937
1
13940
13941
13942
0
1
1
13945
1
0
13948
1
1
0
1
0
13954
13955
13956
13957
13958
1
1
0
13963
0
0
13965
13967
1
13968
0
1
13971
13973
13974
13974
1
1
1
1
1
13981
13981
1
13984
0
13986
13986
0
13989
13990
13990
13992
13993
1
13994
13995
13996
13997
13999
14000
0
1
1
1
0
1
14006
0
14009
14009
1
0
0
14014
0
14016
0
14017
14019
0
0
14022
14023
0
14024
1
1
0
0
14030
0
1
14033
14033
14035
1
0
1
0
0
14040
14041
1
14043
1
14046
14047
14048
1
0
1
14051
14052
14053
1
0
14056
14057
14059
14060
14060
14062
14062
0
14065
1
1
0
14068
14070
14071
0
0
14074
1
0
1
0
14078
14079
0
1
0
14084
14085
0
0
14088
14088
0
14090
1
1
0
14094
14095
1
14098
0
14100
1
0
14102
1
1
14106
0
0
0
14109
14110
14111
14113
14113
0
0
14117
0
14119
14120
1
1
0
14123
1
1
14126
0
0
1
14131
14131
1
1
14134
14135
1
1
14138
14139
14141
14141
14142
0
0
14146
1
14148
14149
14150
14151
14151
14153
14154
14155
0
14156
14158
14159
1
14160
1
14162
0
14164
14165
0
14167
14169
1
14171
1
0
1
1
1
14177
1
14178
14179
14181
14182
1
0
14185
14185
1
14188
1
14190
1
14192
0
14193
0
14195
14196
14198
1
14199
14200
1
14202
0
0
14205
14207
1
14209
1
0
0
14212
14213
14214
1
1
14217
1
0
1
1
0
0
14225
0
0
0
14229
14229
14230
14232
0
14233
14235
1
1
0
14239
1
14241
14242
1
14244
14244
0
14246
14248
1
0
14250
14251
1
14253
1
0
1
1
0
14260
14261
14261
14262
0
0
1
1
14267
14268
0
0
14271
14272
14273
14274
14275
0
14277
14279
1
14281
14282
0
0
14284
14285
14287
14287
1
0
14290
14292
0
1
0
0
1
14298
0
14299
14300
0
14303
14304
14305
0
0
14308
14309
0
1
0
1
14313
0
1
1
14317
1
0
14320
14322
0
1
0
0
1
0
0
0
14331
14331
14333
0
0
1
14337
0
14339
1
14341
1
0
0
0
14345
14347
0
14349
14349
0
14352
1
14354
0
14355
0
14358
14358
1
14360
14362
14362
14364
14364
14365
0
1
0
0
14370
0
14373
14373
14374
14375
0
14378
0
0
14381
1
0
14384
14384
14386
14386
14388
14389
0
14390
14391
14392
0
14395
14395
1
14397
1
0
0
0
0
14403
1
14405
14407
14407
0
14409
1
14412
1
0
14414
1
14417
14418
14419
1
0
14422
0
14423
14425
0
14427
14428
14429
14429
14430
0
0
0
0
14436
14436
0
1
1
0
14441
14443
1
14445
0
0
0
14449
0
0
0
14452
14453
1
14455
1
0
0
14460
14460
1
14463
14463
14465
0
1
0
14469
1
1
14472
14472
14474
0
0
14477
1
14479
14479
0
14481
0
1
14485
0
14486
14488
14488
14490
1
14492
14493
14494
14495
14495
1
14497
14498
1
14501
1
14502
14503
14504
14506
14506
1
14509
0
0
0
1
14514
0
14515
1
14518
14518
0
14521
1
1
14524
0
14526
14526
14528
0
1
14530
14532
1
14533
1
1
0
14537
14539
14540
0
1
14543
1
1
0
14547
14547
14548
0
0
1
14553
14554
14554
1
0
1
0
0
1
1
14563
14563
1
1
14566
1
0
14570
1
0
14573
1
1
14576
0
1
0
14580
0
1
1
0
14585
14586
1
14588
0
14589
14590
1
1
14594
14594
0
14597
14597
0
0
14601
0
0
0
0
14605
14606
1
14609
1
1
0
1
14613
14614
1
0
1
1
14620
0
1
14622
1
1
14626
0
0
14628
1
14630
14631
14633
14634
0
1
0
14637
1
1
1
14641
0
1
14645
0
1
0
1
14650
14650
0
14652
0
1
14656
0
0
1
0
1
14662
14663
1
1
1
14666
14668
14669
14669
1
0
14672
0
0
14676
14677
0
0
0
14681
1
14683
14684
1
0
14687
14688
1
0
1
1
14692
1
1
1
14696
0
0
0
0
14701
0
1
14705
14705
1
1
14709
1
1
14711
14712
14714
14714
14716
1
0
0
14719
14721
14721
0
14723
14725
0
1
14727
1
0
1
14732
14732
1
14735
14735
0
0
1
14740
14741
1
14742
14744
14744
1
0
14747
0
14750
0
1
14752
0
14755
0
1
0
1
0
14760
0
14763
1
1
14766
14767
0
14768
1
1
0
14772
0
1
1
0
14777
0
14780
14781
14781
0
0
14784
14786
14787
1
1
14790
14790
14792
14793
1
0
14796
14797
1
14799
14800
1
14801
14802
0
1
14806
0
14807
14808
1
0
1
1
0
14815
0
14816
14818
14818
0
14820
1
0
0
14825
0
1
14827
14828
0
14831
14832
1
1
1
14835
1
14837
1
14839
14840
14841
14843
1
14844
1
14846
1
14849
14850
14850
14851
14853
0
14854
0
1
0
14858
14860
14860
1
14863
14863
1
14866
0
1
14869
0
0
1
14873
1
14875
0
0
0
14878
14879
14881
1
1
14883
14884
1
14886
14887
14889
0
14890
14892
14892
14894
0
14896
14896
14897
1
0
14900
14902
1
14903
1
14905
14907
1
0
14910
14911
14912
14912
14913
1
1
0
0
14919
0
14920
1
1
1
1
14925
14926
14928
0
14929
0
14931
1
14934
14934
0
0
1
1
0
0
14941
1
0
14945
14945
0
0
0
0
1
1
1
0
14955
14955
14956
14957
0
0
14961
14961
0
14964
14965
1
1
0
14969
14970
0
0
14973
14974
14975
14976
1
0
1
14980
14980
14982
1
1
0
1
0
14988
1
14989
14990
1
0
0
0
14995
14996
1
0
14999
1
15002
0
0
1
15006
15007
0
15009
0
15010
15011
15012
15013
1
15016
15017
15018
15019
15020
15020
15022
0
15024
15025
0
0
1
0
15029
15031
0
15033
1
0
0
1
1
1
15040
15040
15042
1
15043
0
0
15046
15048
0
0
15050
0
1
15054
15055
0
15056
0
15058
1
15061
1
15062
15063
15064
15066
1
15068
0
15070
15070
0
1
15074
15074
1
0
0
0
0
0
1
0
15084
1
1
1
15088
0
15090
0
0
1
15094
1
15095
1
1
0
1
0
1
1
15103
1
1
0
1
1
1
1
15112
15112
1
15114
15116
0
15118
0
0
15121
15121
1
15124
0
15126
15127
15127
0
1
15131
0
15132
1
1
15135
15136
15138
0
15140
0
0
15142
15144
0
15146
1
15147
0
0
1
0
0
0
0
15155
15156
1
15159
15159
15160
15161
1
0
0
15166
1
15168
15168
0
15171
15171
15173
1
15175
0
1
0
0
0
15180
1
15182
1
15185
0
1
0
1
15189
1
15191
15193
15194
15194
0
15197
1
15199
15199
15200
0
1
15203
15204
15206
15206
1
0
1
15210
15212
0
1
0
15216
1
15218
15219
15219
1
0
1
0
15225
0
1
0
15228
15229
15230
1
1
0
15234
15236
15236
15237
1
1
15241
15241
0
1
15245
15245
15247
0
15248
15249
15250
15251
15252
0
15255
15256
0
15258
0
1
15261
15262
0
1
15264
15265
15266
15268
0
0
15271
15272
0
15274
15275
15275
0
1
0
15280
15280
15281
1
15284
0
15285
15287
0
0
0
1
0
15292
15293
15294
1
15296
1
0
0
0
1
15302
1
1
15306
1
0
15309
0
15310
15311
15313
0
15315
0
15316
15317
1
0
1
15322
15323
1
15324
15325
0
15328
15329
1
15331
15332
15333
15334
0
0
15337
15337
15339
15340
15341
15341
0
0
15344
1
1
1
0
0
15350
0
15352
0
15354
15355
0
0
1
1
15361
15362
1
15364
15364
15365
1
15368
1
15369
15370
0
15373
15374
15375
15376
1
15378
15379
15379
15380
15382
15383
1
15384
1
15387
15387
1
15389
1
1
15393
15394
1
1
15397
15398
1
15399
0
15401
15403
0
15405
15406
1
15408
15409
15409
15410
1
15413
15413
15415
15415
15416
15418
15418
1
15421
1
0
0
15424
15426
0
0
0
0
15430
15431
15433
15434
15435
0
0
15438
15439
1
0
0
0
1
1
1
1
15448
0
15450
0
15452
1
0
1
1
15457
0
1
15460
0
15461
15462
1
15465
15465
15466
1
15469
15470
1
0
15473
1
15475
0
15476
15478
15478
15479
0
15482
15482
1
1
15486
0
15487
15489
15489
15491
15491
15492
0
1
0
0
15497
1
0
0
1
15502
0
15504
0
15506
15508
0
1
15511
15512
15513
1
0
15516
0
0
0
15519
0
0
15523
1
15525
15526
15527
15527
15529
15529
1
0
0
0
1
0
0
0
1
15539
1
1
15543
0
15545
15546
0
15547
0
15550
1
15552
0
0
15554
1
15556
1
15558
1
15560
15562
15562
15564
15565
15565
15567
15568
1
15569
15570
15571
15573
15573
1
1
15576
1
0
0
0
1
1
0
0
15586
15586
15587
1
15590
0
1
15593
0
0
1
1
15597
15598
15600
15600
1
1
15604
0
0
15606
0
1
0
15610
15611
15612
15613
15615
0
15617
15618
1
15619
0
15621
1
0
0
15626
15627
0
1
0
15631
0
15633
1
15634
0
1
0
15639
1
1
1
15642
15644
15645
15645
1
0
0
1
1
0
0
15653
1
15655
15657
1
1
1
1
15661
1
15663
15664
15665
15666
15668
15668
15670
15671
15672
1
15673
1
15676
1
15677
15679
1
0
1
1
0
15684
1
15686
0
15688
15689
1
15692
15693
15694
15694
0
15697
15697
1
15700
1
0
1
15704
15705
1
15706
15708
15708
15710
0
15712
1
15713
0
0
15717
15718
0
1
15721
1
15723
0
1
15726
0
15727
1
1
15730
1
1
15733
15734
15736
15737
15737
1
15740
15741
0
1
15743
15745
0
15746
0
15748
15749
0
15751
0
1
15754
15755
15756
15758
15758
15759
15760
0
15763
1
15765
15765
15767
15768
0
1
1
15771
15772
15773
1
1
1
1
15778
0
1
15781
15783
15783
0
1
15786
1
15788
0
0
1
1
15794
15794
0
0
0
15799
1
0
15801
1
15804
15804
0
1
0
0
0
15811
15812
1
15813
15814
1
15816
0
15819
15820
1
0
15822
15824
0
15826
0
15828
1
15830
1
15831
15833
1
15835
15835
15837
1
0
1
1
15842
15843
0
1
15845
15847
0
15849
1
1
0
15852
0
0
15855
0
15858
0
15859
15861
1
15862
1
0
1
15866
1
0
15869
1
1
15873
1
0
0
15877
1
1
1
0
15881
15883
15884
15884
0
0
15887
15889
1
15891
0
15893
1
15895
0
15896
15898
15898
1
1
0
1
15903
15904
15905
0
1
1
1
1
15912
0
1
0
1
15916
1
1
15919
15921
0
15923
15923
15925
1
0
15927
0
1
15930
15931
15933
15933
0
15935
15937
15938
1
15939
1
15941
15942
0
15944
15946
15947
15948
1
0
15951
15952
1
1
1
15955
0
15958
1
0
1
15962
0
0
0
0
0
0
15968
0
1
1
1
15973
0
0
0
15977
15978
15979
15981
0
1
0
15985
15985
15987
15988
15988
15989
0
0
15993
1
15994
15995
0
0
0
16000
16001
0
16003
1
0
16006
0
1
0
16009
1
16012
0
16014
16014
16016
0
16017
16018
1
1
16021
16023
16023
16025
1
0
16027
0
16029
0
16032
0
16034
16035
16035
1
16038
0
16040
1
0
0
16044
0
16045
1
16048
16048
1
16051
1
1
16054
0
0
1
16057
16059
1
1
16062
0
16064
16064
16065
16066
16067
16068
0
16071
16071
1
16074
16075
1
16076
16078
16078
0
1
16082
1
1
16084
0
1
16087
0
16090
0
16091
1
16094
1
1
1
1
16099
1
1
1
16103
0
0
16105
1
16107
0
16110
0
16112
0
1
1
16116
16116
1
0
16119
1
0
16123
1
16125
1
0
16127
0
16130
1
1
1
0
1
1
16137
16137
16138
16140
0
16141
16143
0
16145
16146
16146
16147
16149
0
16151
0
1
16154
16155
0
16156
16158
0
16159
1
16161
1
16164
1
16166
16167
16168
16169
0
16170
16172
0
16173
0
0
1
16177
16178
0
16181
0
0
16183
16185
0
16187
16187
0
0
0
16192
0
16194
0
16196
16197
16198
16198
0
1
16201
1
0
16205
16205
16207
16208
16208
1
0
0
0
16213
1
1
16216
16218
1
0
16220
1
0
16223
1
0
0
16228
1
16230
0
16232
1
16233
16235
16236
16237
0
0
16240
1
0
16242
16243
0
16246
0
0
0
0
0
0
16252
16253
1
0
1
16257
16259
16260
16261
0
0
0
16265
16266
0
16268
16269
0
16270
0
16272
0
16275
16276
16276
1
16279
16279
16281
1
1
1
16285
1
1
0
16288
1
16291
16292
0
1
0
16295
1
1
16298
16299
16301
1
1
16304
16304
16306
16306
16308
1
16309
0
0
1
16314
0
0
16317
16317
1
1
16321
0
16323
0
1
16326
16327
1
1
16329
16330
0
0
16334
1
16336
16336
1
0
0
0
1
16342
1
16345
16346
16346
1
16349
0
1
16352
16352
16354
16354
16356
1
0
16359
0
16361
16362
0
16364
16364
16366
16367
0
0
1
0
1
16372
0
0
16375
16376
16378
16379
16379
1
0
0
16384
1
16386
0
16388
1
1
16390
16392
0
16394
1
1
1
16398
16398
16400
0
1
16402
16404
16405
16406
0
1
0
16409
0
16411
0
16414
1
16416
16416
0
0
16419
0
1
16423
16424
16425
1
1
16427
16428
16430
16430
16432
0
16433
16434
1
1
1
0
16439
0
0
1
1
16444
16446
1
0
16448
1
1
1
16453
16453
16454
1
16456
16457
0
0
0
16461
16463
16464
1
16466
1
1
1
0
16470
16472
1
1
1
16476
1
16477
0
1
16480
16481
0
16483
0
0
16487
1
16488
16490
1
1
1
0
16494
16496
16497
0
16498
0
0
16502
16503
16503
16505
0
1
0
0
1
1
16511
16512
0
16514
16515
1
1
0
0
0
0
0
0
1
16525
16527
0
0
16530
1
16531
1
16534
16534
16536
16536
1
0
1
1
16542
1
16543
16545
1
16546
1
1
0
0
16551
16553
0
0
0
1
1
1
16559
16561
16562
16562
16563
0
1
0
1
16568
16569
16570
16571
1
1
0
16575
16576
0
16579
1
16581
16581
16583
1
16584
1
16587
16587
16588
1
16590
16592
0
16594
1
16595
16597
1
0
1
16601
0
16603
1
0
0
1
16607
16609
16610
16611
16611
0
0
1
1
0
0
1
1
1
1
0
1
16624
0
16626
0
16629
16630
16631
1
1
16633
16635
16635
16637
16638
0
16640
1
16641
16642
16643
1
1
0
1
1
0
16650
0
16652
16654
0
0
1
1
16659
1
16661
0
16662
0
16664
1
16667
16668
16668
1
0
0
0
16673
0
0
0
0
0
16680
16680
0
16682
0
1
0
0
1
1
0
16691
16692
16692
16693
0
16696
16697
16697
16699
1
16700
1
0
1
1
16706
0
0
16708
1
1
16712
1
1
0
16716
16716
1
16719
0
16721
1
0
16724
1
16725
0
16728
16729
1
1
16732
16733
1
1
16735
0
0
1
0
0
1
16743
1
1
0
16746
1
16748
16750
0
16751
1
16753
16755
1
1
0
16759
16760
16761
1
0
16764
16765
1
1
0
1
16770
1
16772
0
16773
0
0
16777
1
0
0
16781
16781
1
16784
16784
0
0
16788
0
0
16790
16791
0
16794
0
16796
16796
16798
1
16800
0
16802
16803
0
0
16806
0
16807
0
0
1
1
16813
16814
1
1
0
1
16819
0
0
16821
16822
1
1
1
0
16828
1
0
0
0
0
16833
16834
16836
16837
16837
16839
0
1
0
16842
16844
1
16845
16847
16848
16849
16850
1
16852
1
0
0
1
1
16858
16858
16859
16860
16862
1
1
0
1
16867
0
0
1
1
16871
1
1
0
0
16877
16877
1
16879
0
16881
0
0
16885
16885
16887
1
16888
16889
1
1
0
0
1
0
16896
0
16899
1
1
1
0
1
16905
1
0
16907
0
1
16910
16911
1
16914
16914
0
16916
16918
16918
0
16920
16922
1
1
1
16925
0
0
16929
16929
1
1
16932
1
0
16936
1
16938
1
1
0
1
0
16943
16945
16946
16946
16947
0
0
16950
16952
16952
0
1
16956
0
16957
1
16959
0
16962
0
16963
16965
16965
16967
0
0
0
0
16972
16973
16973
0
16976
16976
1
0
16979
16981
16982
0
0
16984
16986
16986
16988
1
0
0
1
16993
16994
16994
1
0
16997
16999
0
17001
1
17002
0
0
1
0
1
17008
0
17010
17012
1
1
17015
17016
0
0
1
17020
1
17022
1
17024
17025
1
0
1
0
17029
17031
17032
0
1
17034
17036
0
1
17039
17039
1
17041
1
1
0
1
17046
17047
17049
17050
1
17051
0
0
1
17056
0
17057
0
17060
0
1
17062
17064
17065
17066
1
17068
0
17070
17070
17071
17072
17074
17074
1
17076
17078
1
0
1
0
17082
1
17085
1
0
17087
1
0
17091
17091
17092
1
17095
0
17096
0
17099
17100
17101
17101
1
0
0
1
17107
17108
17108
17109
0
17112
0
17114
17115
17115
1
1
0
1
0
0
0
1
17124
1
17126
0
1
17130
17130
17131
0
17133
17135
17135
17136
17137
1
1
1
17141
17143
17143
17145
0
17146
1
17148
1
17151
17151
17153
0
17154
0
0
17157
0
1
0
17161
17163
17164
17164
17165
17166
0
17168
1
17171
17171
17172
17173
17174
0
1
1
17178
0
17181
17181
17183
17183
0
17186
17186
17188
1
17189
0
17192
17192
17193
17195
17196
17196
0
17199
1
17200
0
1
0
17205
17206
1
17207
17209
17210
17210
17211
17212
0
1
17215
0
1
1
17220
17220
1
17223
1
17225
17226
0
1
0
1
0
17232
17233
0
17235
0
0
0
0
1
1
17242
0
0
17244
17246
1
17247
0
1
17251
0
17252
17253
17255
0
17257
0
17258
17259
17260
1
17263
17264
17265
0
17267
17267
0
17269
17271
0
1
17274
1
0
17277
0
0
0
0
17282
0
0
17284
17286
17287
0
17288
0
1
17292
17292
17294
17295
0
0
17297
0
0
17300
0
17302
17303
0
17305
17306
0
17308
17309
0
0
0
17313
0
17315
17316
0
1
17319
17320
17321
1
17324
17324
0
17326
17328
0
17330
17331
0
17333
0
1
0
17336
0
17339
0
1
17341
0
1
0
0
17347
0
17348
0
0
17351
17352
1
17355
0
1
0
17359
1
17360
17362
17362
17363
1
17366
0
17368
17369
1
17371
1
17373
1
17374
17375
1
0
1
17380
1
17381
17382
1
17384
0
1
17388
17388
0
1
17391
0
0
0
17396
17396
1
17399
17400
17401
17401
17403
1
1
17405
1
17408
1
17409
17411
17411
0
17414
0
1
0
1
0
1
1
17421
1
17424
17425
1
17427
17428
17429
1
17430
0
17432
1
17434
0
1
0
0
17440
17440
1
17443
17443
17444
17446
0
17447
0
17449
17450
17451
1
17454
0
1
1
17457
1
1
1
17462
1
17464
0
17465
0
0
1
0
1
17471
17473
17474
0
1
17476
0
17479
1
17480
0
1
0
17484
17485
17486
17487
1
17489
17490
1
17493
1
0
1
1
0
1
0
0
0
1
1
17504
17506
0
0
1
17509
17510
1
17512
1
17515
17516
1
17517
0
1
17521
17521
17523
0
0
17526
17527
1
17528
17529
0
0
0
0
17534
0
17537
17538
1
17539
0
17542
1
0
1
1
17547
1
0
17550
0
0
0
0
0
17555
1
17557
1
17559
1
1
1
1
1
17565
17566
17568
17568
0
1
0
1
17574
1
17575
1
1
17578
17579
0
17581
0
17583
17584
1
17587
17588
17588
1
1
1
1
17593
17595
17595
17596
1
1
17599
17600
17601
17602
1
17605
17606
0
1
17609
0
17611
0
17612
17614
17615
1
1
17618
17619
0
1
17621
17623
1
0
1
17626
1
1
17629
0
17631
17632
17634
17635
0
17637
17638
17638
1
1
1
17642
1
0
17646
1
1
17649
17649
0
17652
1
17654
1
17656
0
1
17658
17659
17661
1
1
17664
0
0
17667
17668
1
0
17671
1
1
1
1
0
17677
0
1
0
0
0
0
1
17685
0
1
0
17689
0
0
17691
17692
17694
1
0
17696
1
17699
0
1
0
0
1
1
1
17706
0
17709
0
1
1
1
0
0
17715
0
17717
1
17720
17721
17721
0
1
17725
17726
1
1
17728
17730
1
0
0
1
17735
1
1
0
17739
17739
0
17742
0
0
1
17745
17747
0
17748
17750
17751
17752
17752
17754
1
17756
1
17758
17758
17759
17761
17761
1
1
17765
17766
17766
0
1
1
1
1
17773
0
1
17775
0
17778
0
0
0
17781
17782
17784
1
17785
17787
17788
17788
17789
0
0
0
1
0
17796
17796
17797
1
0
17800
17801
1
0
0
17805
17807
1
17809
17809
1
17812
17813
17814
1
17815
1
17818
17819
17820
0
17822
0
17824
0
17825
0
1
17829
17830
1
17831
17832
0
0
0
17837
17837
17838
1
0
17842
17842
17843
17845
17845
1
1
1
0
17851
17851
0
0
0
17856
1
0
17859
0
0
1
17862
0
0
17866
17867
17868
0
17870
0
17872
17872
0
17875
1
0
1
17879
0
17881
0
1
17883
1
17885
0
17887
17888
1
17891
17891
1
0
17894
1
17896
17897
1
1
0
1
17902
1
0
17906
1
1
17908
0
17910
1
17913
0
17915
1
17917
0
17918
0
1
0
17922
1
1
1
17927
1
17928
17929
17930
0
1
17934
17935
17935
0
17937
1
0
1
1
1
0
0
17946
17947
0
1
1
17951
0
17952
17954
17954
1
17957
17958
1
17960
1
17961
17962
1
0
1
17967
17967
1
0
1
17972
1
1
1
17976
0
0
0
17980
1
1
0
1
17985
17985
17987
17987
17989
17989
0
0
0
17993
0
17996
17997
0
1
18000
18001
0
18003
18003
18004
18005
18007
18007
1
18009
1
18012
18012
0
1
0
18016
0
0
18020
18021
18021
18022
0
18024
18025
18027
0
1
0
18031
1
1
18034
1
18035
0
18038
18038
18040
18041
0
0
18044
0
1
0
18048
18048
18049
1
1
1
1
1
1
0
18058
18059
18059
18060
18062
0
18063
18064
18065
0
1
0
0
1
18071
18072
1
0
18075
18076
0
0
18080
18080
18081
0
18084
0
0
1
18088
18088
18089
1
1
1
1
18095
1
18096
18098
18099
0
18101
18101
1
1
18104
18106
0
18108
18109
18110
1
18111
18112
18113
0
18116
18117
18117
18118
0
18121
18121
18122
18124
18125
1
0
0
0
18129
18130
18131
0
0
18135
18136
1
1
18138
18139
18141
18141
18143
1
18144
1
18146
18147
18149
1
1
1
18152
18154
0
18156
0
18158
18158
18159
18160
1
0
0
0
1
18166
18167
18169
0
1
18171
18173
1
1
1
18176
18178
18179
0
18181
0
18183
1
1
18186
0
18188
18188
18190
1
1
1
18193
0
18195
18196
18198
1
0
18201
18201
1
18203
18204
18206
1
1
0
1
18211
18212
18213
18213
1
18216
18216
1
18218
0
0
18221
18222
1
18225
18225
0
1
1
0
1
1
1
0
1
18235
18236
1
18238
18239
1
1
18242
18244
1
18246
0
1
18249
18249
18251
1
1
18254
18254
1
18257
18257
18258
18259
0
0
1
1
0
1
1
0
0
18270
0
18271
0
18273
1
18275
18276
1
18278
0
1
18282
1
1
0
18286
1
0
18288
1
0
18292
18292
18293
18294
1
1
18297
18298
0
0
18302
18303
0
18305
18305
1
0
18309
1
18310
0
1
18314
18314
18316
1
0
1
18319
18320
0
0
0
18325
18325
18327
18328
1
1
18331
0
1
1
18335
0
0
0
1
18339
18341
1
1
0
18345
0
0
0
0
18350
0
0
0
18353
0
1
1
18358
18358
1
18361
18361
18362
1
1
18366
18367
1
1
0
0
18371
1
18373
18374
0
0
18377
0
1
1
18381
18382
1
0
1
1
18388
1
1
1
18392
18392
0
18395
18395
1
1
1
0
0
18402
18403
0
18405
18406
18407
1
1
18410
18410
1
18412
0
0
18416
1
18418
1
18419
18421
18422
18422
18424
0
18425
18426
18427
1
18429
0
18432
0
1
18434
18435
1
1
1
0
18440
0
18442
18444
0
1
0
18448
18448
0
0
18452
1
1
18455
1
0
1
18459
18460
0
0
1
18464
0
1
18466
18467
18468
1
1
18471
1
0
18475
0
18476
1
1
0
1
0
0
0
0
0
0
18488
1
0
1
0
0
18493
0
18496
0
1
18499
1
18500
1
0
1
0
1
0
0
18508
18510
1
18511
18513
18513
18515
0
18517
18518
1
1
18521
1
0
0
18525
18525
18526
1
0
18529
1
0
18532
1
18534
18535
0
0
18538
0
18540
18541
18543
1
18544
18546
0
18547
18549
1
18550
1
18552
1
1
0
18556
0
0
18559
18560
0
0
18563
18565
0
18566
0
18568
1
18570
1
18573
18574
1
0
1
18577
1
18579
18581
18582
18583
18584
18584
0
18586
1
18589
18589
0
1
18592
18593
0
18596
18596
18597
18598
18599
1
0
1
1
1
1
18607
18607
18609
1
18611
1
18612
18614
0
1
0
18617
18619
0
18621
1
18622
18623
18625
18625
1
0
1
18630
1
0
0
0
18634
0
0
0
0
1
0
18642
0
1
1
0
1
18648
1
18650
18651
1
18652
18654
1
18656
18656
1
18658
1
18660
1
18663
1
1
18666
0
0
1
0
18670
1
0
18674
1
18676
1
18677
18678
18680
18681
18681
0
1
18685
18686
18686
18688
18689
1
18690
18692
18693
0
1
0
1
1
0
1
18701
18701
18703
18703
0
18706
18706
18708
18708
18709
18711
18711
18712
18714
1
1
18716
0
18718
0
18720
18722
18722
0
18724
0
1
18727
18728
0
1
18732
1
0
18734
1
18737
0
1
18739
0
1
0
18744
18744
0
1
1
18749
18750
18750
1
18753
18754
18754
0
0
18758
18758
1
18761
0
1
0
0
1
1
1
1
0
18770
1
1
18773
18774
18775
0
0
18778
18780
1
1
0
0
18784
0
0
1
18789
18789
1
0
0
18794
0
18795
0
1
18798
18799
18801
18802
1
0
18805
0
18806
1
1
0
1
0
1
18813
1
1
0
18817
1
18820
18820
18822
18822
1
18824
18826
18826
0
1
18829
1
1
0
18833
0
18836
18836
1
0
18839
18841
18842
18842
18844
0
1
1
1
0
18849
1
1
18852
0
0
18856
18856
18858
1
18860
18861
18861
18863
1
18864
1
18866
0
0
18869
0
1
18873
0
18874
18875
0
18877
1
18880
18880
18881
0
1
0
0
1
0
0
18889
0
18891
18893
18894
1
18895
18896
1
0
0
18901
1
18902
0
18905
18905
18907
1
0
18910
18910
18911
0
1
18914
18916
18916
0
18919
0
18920
18922
18922
18923
18925
18925
18927
1
1
18929
18930
1
1
18934
1
1
18937
18937
18938
1
0
0
18943
0
0
18946
18947
1
0
18950
18950
1
18953
18954
1
0
1
18957
0
18959
18961
18962
18963
18963
0
18966
0
0
0
18969
0
0
1
18973
1
18975
0
18978
18979
1
18981
18982
0
1
18985
18985
18987
18988
18989
18990
18990
18991
1
18993
0
18996
18996
1
0
19000
1
0
19003
19004
1
0
19007
1
19009
1
19010
19011
1
19013
0
19015
19017
19017
19019
19020
19020
19021
0
1
0
19025
19026
19028
19028
1
19030
19031
1
1
0
19036
19037
19037
0
0
19040
19041
1
19044
19044
19046
1
0
19048
19050
1
19051
19053
19053
19054
1
0
1
0
1
19060
19062
1
19063
19064
0
19067
19068
19069
19069
19071
19071
1
19073
1
1
19076
1
0
1
1
0
19082
19083
19084
1
1
19087
19089
19090
19091
1
19092
0
0
19095
1
19097
19099
19100
19100
0
19103
19104
19104
0
1
0
0
1
0
19112
1
19113
0
19115
0
0
19118
1
19120
19122
19123
19123
19125
1
0
0
1
0
19131
19132
19132
19133
19134
19136
19137
0
1
19140
0
1
1
0
19145
0
19147
19148
1
19149
0
19151
19152
1
1
19155
0
19157
19158
19160
19160
19161
1
19163
19164
0
19166
1
19168
19170
19171
19171
19173
19174
19175
19176
19177
0
1
19180
0
1
0
0
19185
0
19187
0
0
0
1
0
0
19193
0
19195
19196
19198
0
1
19200
19201
0
0
19204
19205
19206
0
1
1
1
19211
0
19213
0
1
0
1
19218
19220
19220
19221
0
1
19225
1
0
19227
19229
1
0
1
19232
1
19234
19235
19237
19238
19239
19239
0
19241
19242
19243
1
19246
19246
19248
19249
0
1
1
1
19253
0
19255
19257
19257
0
19260
19261
19262
0
0
19264
1
19267
19268
0
1
0
1
19272
0
1
19276
1
19277
1
1
1
19281
19283
19283
1
1
19286
1
0
0
19290
1
0
19294
19295
19296
19296
19297
0
19299
0
1
19303
0
1
1
0
1
19308
0
19310
19312
0
19314
1
19316
19316
19318
1
1
19321
19321
0
19324
1
1
19326
0
19328
19330
19330
1
19332
19333
19335
0
0
1
19339
19340
0
19341
0
19343
19345
1
19347
0
19349
19350
0
19352
1
19354
1
19355
0
19358
19358
0
19360
1
0
19363
19365
19366
0
0
0
19369
19371
0
19372
0
19375
0
1
1
19378
19380
1
0
0
19384
19385
0
19387
1
0
0
19390
0
1
19393
1
19395
1
19397
1
1
0
0
1
1
19405
1
1
1
0
19410
0
19412
19413
19414
19414
19416
1
1
19418
19419
1
19421
0
0
0
1
19426
0
19429
19429
0
1
0
1
19435
1
19436
1
19439
19440
19440
0
19443
19443
0
19445
19447
19448
1
19449
1
19451
1
19453
19455
1
0
19457
1
1
0
19462
19462
0
19464
1
1
19468
19469
1
1
19471
19472
19474
19474
1
1
0
0
1
0
0
0
19484
1
1
19486
19487
0
1
1
19492
0
19493
19495
19495
0
19498
19498
0
19500
0
19502
19504
1
0
1
0
19508
19510
19511
19512
19512
19513
1
19515
0
19517
19519
19520
1
19522
19522
1
0
0
0
1
1
0
19531
19531
1
0
0
19535
19537
1
19538
0
1
0
19542
1
19545
19546
1
0
19548
0
19551
1
0
19554
19554
0
19557
19557
19559
1
19560
1
1
1
1
19565
19566
0
1
19569
1
19571
1
1
19575
1
0
19577
19578
0
19580
19582
1
19583
19584
1
19587
19588
19588
19590
19591
1
19593
1
19594
19596
19596
19598
1
19600
19600
1
19602
19603
19605
19605
0
19608
19608
19610
19611
0
19613
0
1
1
0
0
19619
19620
1
19621
19623
19624
0
19625
0
0
0
19630
19630
19632
0
1
19634
1
19637
19637
19639
1
0
0
19642
0
0
1
0
0
1
19649
0
0
1
0
0
0
1
0
1
19660
19660
19661
1
1
0
1
1
1
0
0
19670
19671
1
19673
0
1
19677
19677
19678
19680
0
19681
1
1
19684
1
0
1
19689
1
19691
0
0
19693
19695
0
1
19697
19698
19700
0
1
19703
19704
19704
0
1
0
19709
1
19711
19711
19712
0
1
19716
19717
1
19718
0
1
19721
1
1
1
1
0
1
0
19730
19731
0
19733
1
0
19735
1
19738
0
1
19740
19742
19743
19744
19744
1
1
1
19749
19749
1
19751
19752
19753
19755
1
0
19757
19759
0
19761
1
19762
1
19765
0
19767
19768
1
0
0
0
1
19774
19775
0
19777
1
19779
0
1
19781
0
0
19785
19785
0
19788
19789
19790
0
1
0
0
0
1
0
19798
19798
0
0
19801
0
0
0
19806
1
19808
1
1
19811
1
1
19814
19815
19815
19817
19818
19818
0
19821
1
19823
19824
19824
0
0
0
19828
19829
19831
1
0
19833
0
0
0
19838
19838
1
19840
1
19842
19843
19845
1
19847
1
0
19850
19851
1
1
0
0
1
1
19858
19859
19860
1
19862
0
0
19865
19865
19866
1
1
1
19870
1
0
19873
19874
1
19876
1
19879
19880
19881
19881
19882
19884
19885
0
19886
1
19888
19890
19891
0
1
19894
19895
0
19897
0
1
19899
19900
1
19902
0
1
0
1
1
19908
0
0
0
19912
19913
1
1
0
19918
19918
19919
0
1
1
0
19924
0
19926
19927
19928
1
19930
1
0
1
19935
19936
0
0
1
0
1
19941
19942
0
0
19946
19947
19947
19949
0
19950
1
1
0
19955
1
0
1
19959
19959
1
0
1
1
1
19965
1
19967
0
19969
0
19971
1
19974
19975
0
0
19978
0
0
19981
19982
1
19983
19984
1
19986
19987
0
1
1
1
19992
19993
1
1
0
19998
19998
19999
