625161924 671469215
64356416 114632116
758289238 922174330
257814828 405526721
90771778 603864350
11053579 789234052
506870684 631518138
231156823 323662016
12223300 299314714
293412671 544293598
31191365 949295034
11630322 62807491
101587607 141984547
243277362 248113327
86265146 240250686
14407494 16722963
14558259 207778281
272072780 571812999
361395609 445904566
262734596 362231603
64665175 87617719
332953781 827961266
161182346 335070821
260624022 403469663
634275681 895318967
364037247 851522250
486195274 693536527
2126218 444740682
17016815 45333311
214128686 607689755
12823077 49178209
180304701 192972221
35088521 68161249
30831269 166906835
15313387 28312027
351156736 624871684
156638561 970891801
350396317 905874183
12911321 523868365
19221170 52490961
492114084 889467012
232978584 922343952
187044747 669361859
171979401 192821851
13290543 892770835
270852992 279565468
294541082 515729366
399457 6371317
165503555 217593771
339944682 914154187
144691864 668506197
436449647 506792142
109957883 871892972
147550638 865883332
65319392 132904882
323479641 388843492
3941198 9907760
372283988 539349749
425594311 831909883
596737380 729184725
12933328 87073788
107977811 155860279
163980576 222601505
88396112 526398792
692521778 926205308
130310387 407421723
220404578 692409542
174018697 209290394
362250864 458393287
580827286 901589350
126834685 613904730
137940677 356373882
583833986 588424420
143210913 289757606
343667259 505467751
28878448 111479891
769605678 782235086
404917914 441115048
99860662 928209801
6069859 8998692
331388575 479131742
354865924 630317711
334769062 454014873
533554550 793984915
228044599 265720338
363983206 379535702
21895285 74538598
56307148 565655513
245900026 343930644
58191643 375036384
176281287 488520938
614608830 955816378
664069729 852188466
104520391 178892971
617277639 833925091
244056362 493213870
46864834 63623746
106576483 223397081
302537227 750172348
61626993 62798937
221024890 281871939
28856452 431480825
73311934 173832213
91208366 112043927
61283451 79399481
164487954 499189866
25500314 53491109
9463779 68085310
138198232 220400574
137871863 438314723
162740564 169188553
281242236 502705498
216247504 319503918
44082585 65861214
502921446 925672284
129881476 450019793
862368775 916437299
47004407 55902203
312174354 382345017
143631863 203356197
9319448 166813488
380885295 941388470
12417888 97732954
125771902 886378074
217080227 410557465
68018208 860187188
234722650 788538230
442910106 673760120
410749860 532957684
710889052 875933826
843019424 950238024
23014053 250026510
161778542 333636773
208741520 280216921
217435848 605488371
398207793 427305359
236328608 729338707
3296142 6327328
242362365 291148916
579810177 813862248
1606653 41923224
98991796 219274121
117538419 912180040
81083285 130861327
22047084 78918714
172345181 246563112
240091495 821630486
29104912 91081729
743169413 933824302
126091505 742776378
18340787 40730755
66431514 740014555
337681797 610114767
548333464 760534420
148221081 595534715
12472642 36804221
29095429 737118654
80905670 94638508
326165019 641070428
18517338 258372356
342022434 745710034
265441097 644115016
680290457 829798777
1167340 47014914
610038793 976674567
347336291 548731984
357538612 436797383
264414279 954349262
442927939 477108303
380777254 660246566
25191415 888094165
122414248 152412406
49468856 435568066
232928074 381343117
402425364 701131640
270271889 669817706
594636285 786007358
510873942 665431929
58945704 114232630
481519935 866322182
239318083 592963744
663755354 937093717
397026161 717967469
215903909 999215218
100015866 198782940
424420882 818483399
590851433 749198169
553734395 870455056
443300143 901686616
130794953 213129938
51730071 184019323
223804033 679844058
245496937 351088001
7443925 192244416
804080587 990106841
108107174 890582895
7502959 33065711
258678316 874210679
504591611 623698199
15907320 804362023
576607384 689654783
118812181 141307313
66203764 120458800
490574883 683864772
51023268 278686788
445115876 903742941
141198032 209590541
88423457 95951215
152797866 343281693
147624606 794177461
204298086 320306989
116032991 318151516
349581799 375727317
35870823 750470696
49381340 251043662
5592916 566510847
206870323 808788356
12571399 83295198
38203786 87963290
964021674 976941280
512858338 580751494
61473632 79412685
495045917 821083113
163667749 500601288
743029223 791706096
608640568 876463495
302678129 487929323
210516624 238782400
651483549 714734600
9140184 59139625
367304588 438428564
115022723 924469258
33087617 123834210
14220835 224909852
185089061 211964433
71191325 436559717
64960210 89472677
308729440 682205660
193723719 981504118
438990064 852704696
89621775 887739566
546102625 606135030
361842835 454925242
34902304 118612673
857868463 929452505
91384950 532293617
260315405 381940049
307602033 563868264
91890880 112563123
131932492 172138782
67032464 379134789
347434257 745914074
415018889 619618576
319151318 609582748
597415549 608516832
117455847 855088102
275496675 461052324
304119717 508625206
125047929 180270423
77704374 272647438
461359085 692961385
206650909 888285437
158088520 612254295
580134335 871755964
186742972 294109515
185207424 219191595
121701996 140393586
637265108 638534980
126804 996618
184302935 218909524
294287634 690419561
474457399 842680137
422491275 503771891
210161078 499239837
67345475 767579539
246493150 287257298
376879946 619638955
93138289 351581501
556469529 649197403
416946033 983556172
24614388 466404388
366377399 421848605
26609062 706119569
63636452 437490343
57413766 516149986
414304220 485381193
766301670 910901648
17274176 859864721
43621155 208391707
108927504 774397577
340242674 720694396
271640536 299364180
362170661 702725791
55467169 315000510
865549231 897805471
276562745 554099656
404309208 991830483
205317472 674945229
436309820 501657423
278680177 283473371
196383707 721696843
317539632 440763737
464364382 655643878
62704244 137229134
196028401 665974041
186233219 295961430
15909286 17622359
161680345 569870161
193734127 837708341
172362123 674092698
626520826 794829209
133896570 540825353
707495288 767417393
255088187 375917343
744180806 983705992
340126170 398723813
51134111 371304677
129248720 475485906
499743281 931976245
63742658 393623236
364498785 722179546
390845590 528231017
580135119 741565079
84781161 205064874
37847075 415275198
207947467 271502343
404035177 770628710
11425857 48258532
129061601 177358659
276275944 570945445
623560938 645564179
773929726 858743325
117513978 938647326
150129290 295845158
426469301 775331857
358805784 383201705
2856471 12969391
12558043 64773988
30879192 233320374
49536204 63094087
135627307 321415399
448922821 495137172
724128494 880464332
548118886 929529548
122087036 294775339
5552936 777731655
515093850 519941326
189426223 335564464
236168127 904203014
155744956 815804876
15579904 36289026
452008902 720440283
33883 2579408
4617496 9894947
166000767 194796152
105909319 370579211
279670341 821308529
38260567 784950688
26839682 57030379
758905407 781685005
158011969 866749728
299470172 756203280
325551713 497486045
33412397 59579925
761084288 988195052
3047341 9379648
293999659 593496408
755186067 760152227
267553875 798095069
130358947 554438000
725545311 949385697
184291101 361782534
153875284 198391641
21049940 385326701
2282896 51319108
82726709 163367265
151002535 170223831
112117730 136290493
16812654 229548397
173574944 819673618
97900050 886408462
149328543 240391196
410057282 799735455
404850122 679727084
291446613 365922577
170810014 477108158
231098974 340594664
101681306 903232148
137640860 336288431
100790011 120438962
170542620 860465846
80908259 865631000
262656258 423437011
55263913 93154145
479237135 631969921
38691058 40377388
208317012 301694793
208918048 231061874
290867167 632687876
81561440 136221731
550295116 582752200
428497556 461205324
351925398 938333036
67443461 306891898
167469563 245410526
68658190 161343228
267605447 590247876
545734195 788708598
10653944 44994551
623327050 896631089
691742463 974806935
63457920 258684602
512433396 920603803
42222523 93388405
223578690 660572993
35603765 128909769
14853145 405722110
81855806 138561239
419326838 832590407
454045627 889049913
142379673 652662707
70059855 80453782
65854730 561408409
686613519 801290755
158757944 309440342
185570436 950449511
26117578 48129826
132067156 275178086
114035003 289169824
25537573 38666815
86891447 514108657
223359236 509019986
233581822 620310682
422360342 607643814
149197471 288975895
67802594 527802129
217229719 442750988
133303232 541282180
536548872 719590919
198110467 222389367
472205711 626111633
40848951 420235982
144422795 263690956
340445874 596382755
75324365 76701923
162737217 554846504
200623116 229223599
4846146 279589111
419646438 472835785
563759850 953525254
934431154 973489585
266403359 508968218
91397687 185828469
234120708 267653321
17322357 709146506
773611103 890095602
102053993 112833405
94231514 861030997
217504137 692636676
904605805 918441775
50234522 118217521
6066264 155598194
236627428 279949527
21143545 79400100
78033095 441092804
157997058 317881309
95951152 549188612
83012677 160404154
322983135 493477430
84176471 117185136
481322603 648493523
457114098 755126002
189313815 681178808
327647899 706243793
54089034 66846809
201349448 868211847
68062230 701633636
380159296 968843500
232601853 835709182
18745139 915449413
322891177 978733746
72790240 607668236
205807936 300648246
211397432 368555421
459367355 480717101
768093860 891273009
49090427 56277452
124575065 295609489
24862419 144704725
1595258 3468969
5177992 893999977
292992177 517919886
14086137 16851017
8345148 105496832
774398150 880873907
152649218 174596706
48371339 182063647
8673650 11217277
253904291 734141170
28886700 504551363
273667984 525221365
505715987 940056205
572617033 894230500
187590294 730012499
33720578 215602401
37308552 635843029
328063017 710140062
55493674 91699047
264108872 268645753
286295096 441687571
105026301 237935353
270703319 875934667
149367837 975924350
475871575 734247883
86189909 415220318
185115295 203045232
71712461 100209364
106720584 108137946
58999187 706223844
216533019 912547703
214538496 698193454
615911276 728596596
485635009 897371143
146611488 228039405
280537914 672144282
428659629 538122933
778470911 990363450
751400189 813518303
136161451 373611036
348509378 860881016
502515091 616249973
94726643 358602695
539209437 721537832
338495508 675744329
753582232 774182685
326166230 511507114
96495000 178996285
419020397 506488970
14136064 536439389
158103065 453284968
163490301 977119898
353882453 464973139
68334777 98767167
463756326 572539625
562163748 728361323
686090342 868033684
331979804 746096923
50985661 172074631
64079313 108909847
75341743 573218330
53695388 485357589
238052444 978314321
781642786 786005927
101880274 141307959
152965509 255900046
16051531 76976862
118860718 792633857
50988326 531120401
222721779 226074589
54929112 67483722
500440783 598467591
24394685 138655577
105588911 358168652
884246527 987917817
28885273 582182360
779354737 786527430
570985115 848418955
536053859 772164864
13812811 22665393
281803963 455089320
523914065 979845904
761789206 819565468
230853932 300237348
64776528 179436569
69701701 249950363
143993943 290705187
172866590 180350241
279400960 971711596
229384457 851932840
369670009 456743170
160198304 328767863
625475346 772898590
23258637 497068518
31398636 92624563
519126819 592980212
541731395 995671843
44623337 63741253
532516468 738734143
86966936 619429566
123048393 509641844
290278179 781260481
31772855 614454578
324772847 387021137
162961013 316283522
166728513 251954044
168989278 190757364
91871082 139745912
792072223 825231753
80007580 209548707
6648975 325659204
321407242 324034047
60393568 151256143
203148883 232231437
199528764 376882861
20799414 30827524
79153384 340593520
616931698 947633954
31007447 186108604
243842508 331956361
108999873 622714101
558451098 684674517
577812532 588811847
403189461 526104114
14198202 32687902
466930892 866077960
84306324 640366153
310250833 612214975
4623311 67055768
349869651 501986154
58635641 241520549
59897404 233224732
1841352 369353792
56983812 606420709
596008771 603004723
18758817 174618946
128400309 142427037
401096271 421044448
137794270 158804712
12834822 44915326
473700808 882175047
15912580 45484034
46475632 65901698
210497208 755698192
72819823 359805895
210474374 250883501
68106127 216538904
61552252 347104398
60530164 162987719
57194223 58057404
21059033 353978599
288276495 573318332
285673116 411570369
74037709 430721643
290163425 377223429
857219866 934174495
24748440 358480053
7113426 951560482
225978240 294930603
634632809 730231629
849924855 962110406
600473660 815720629
159800271 557687387
135062399 468609743
352335001 868317534
455640900 522684414
148709782 156863314
477049800 639099725
624103377 759302126
145868165 231238527
45331806 244421887
348058935 702471116
199201322 250885626
27838636 227707160
7782602 209768650
199759745 972238866
504877242 568307731
498212197 747150515
61760596 152784661
184679479 817224260
8482806 64438995
319626645 581683291
168373519 248571222
263961838 424174617
42446987 171530387
259026876 891220427
185144952 206320798
129971389 280018841
93056954 184118074
379386909 397910615
238977610 367529348
61265953 630177178
17007457 305206430
414867235 779385558
513131383 971228691
19742855 514349633
341369392 975941427
131357 158843
197602612 572055078
283020181 363228863
451445114 469803439
89510044 325549479
591546999 786775915
297425151 794113418
77633812 98870721
347634247 463672309
72630395 472510837
23731340 274029694
331733916 541610874
4764312 7879326
236260850 350663716
61738474 545593723
62982150 151255527
192402411 978100571
125269931 856781341
361401493 607539778
378301465 609495373
167330166 849367711
47269131 106173893
162539333 200226965
134119142 441753929
710529838 788877755
35579286 85753592
480027047 934717336
36341784 629318225
456250928 893753252
97779867 454495773
484322429 650966166
148932507 415694734
329237648 933682195
25252286 123273253
205006742 357786517
482102626 489823268
552910645 922357851
147747017 808767799
23557645 395128955
371675175 421309223
855163488 919861775
16096698 400531123
223812395 281223523
14100965 949294621
257119500 596934701
34079070 70227440
204277218 546300452
1269576 767548086
790301041 983850591
51175999 217979696
61601385 162727176
177323302 740627151
5663760 32469577
422279962 759606092
542218758 984043824
639875144 712747065
68952694 396666883
21893760 24572167
204869152 253290052
416762250 783522365
148145705 157937727
480070485 811057561
42032166 291930280
899534334 966937470
228076217 572169011
439058494 657294602
19967163 23593468
17230454 346896628
81114699 738353131
102737827 905316534
160320520 187348934
9900388 13551581
609147423 787504238
45384606 81237071
396389902 402462296
162321741 556077126
359035404 727388893
367769723 476584950
674637308 923816594
69745986 93301141
71638874 209486382
49993675 214338801
379114358 588111007
518283768 865241971
20604605 72824322
273854787 304955652
323142872 600967920
281945215 301340695
512853044 878867523
251309424 295171460
523099561 619933154
10318327 595596697
340854224 518577133
75476810 237938503
461194001 899675575
360301992 504070208
576041186 884232082
139482642 301263175
49553757 627116305
39143314 733926021
808905300 991948635
113451458 246741233
408644621 873804988
45282199 95449820
80830437 82216218
689424140 836358408
249274244 257800558
154371022 403792770
17806394 482747105
74668601 937990400
561185412 874141656
245562575 620141880
826531550 984997083
730513442 885229392
110751071 255946084
548270189 703567122
39402856 402869031
14853907 18329905
350553685 743447054
623603592 715086904
286323221 433975598
14932000 251360364
327396294 752221838
4220878 22984414
509445607 602661470
317345005 794492263
313642477 330156707
86931125 399736921
164492543 820370989
267516507 274014217
270104361 716659461
400973697 476763119
20468652 27677066
71957022 206768185
745831928 806834534
26006985 55671111
60025034 69000987
487259302 679560873
101980135 628069804
178306569 257192476
22933312 703924804
385712848 917935099
113388317 393512234
779279759 860996224
588134497 696065986
305566978 888118086
176552851 928527839
14384606 331245720
303532175 949771000
404424133 410223891
267827926 826845570
59859054 332003500
513895820 866965979
13474686 43573366
274909554 312168221
149813235 490260513
6914774 58446697
106437548 197252651
285718680 495153548
61803289 156181394
158383804 647515180
114248977 555371967
167969489 229162965
156671628 419307269
11733535 64017274
245140864 700030072
6868075 19061300
664321934 741943462
299564953 360141145
37671708 230989154
320706037 835040691
415087311 603910932
301028753 699100329
115669721 451895587
25580457 530444184
42726553 125448452
73056123 451522293
298142199 336150211
108941270 381248398
23853685 61789008
323605492 444415043
634955025 865013262
21286509 617418633
14476977 213842262
173899291 302592765
351868946 432237099
194252597 242086166
662922715 730162287
112746988 663821356
262133877 730279232
73952503 103104333
847522549 998629487
615045089 762128381
342196666 511557017
43774123 119680059
61376987 310220659
36776850 42233577
37137415 949289106
53838262 308590241
219641967 395450397
607725430 623941117
11399826 132184972
65111437 329919850
272328163 762800450
36275470 902538637
14930460 929523046
586732154 610667897
2780041 182176450
10137979 455170221
128769174 367184714
55607779 155144949
5694276 156363440
292070468 294360787
55836008 117800657
32034488 755105414
709045998 738653763
530973505 770536728
133127507 195629268
79446693 723366081
456223227 539388750
83095001 288299649
144044167 846250117
74561230 542700841
747560282 875223597
436603720 985274198
423831452 897753238
85354114 247961289
831277090 993304331
96946236 956131692
186720046 349570305
364385307 560626970
772904886 937661746
124207730 771098464
442654863 449060551
192958282 244331295
63344348 849404472
395923369 432238659
531394915 719137163
455255335 651554857
210732522 488215381
251042842 699335854
307327841 764873132
68568247 99482515
891981720 967728361
430071580 932045316
238656116 293794866
426932911 560328007
238561472 968058713
26997615 798787583
86666001 133424606
8433464 27979465
420057445 724484553
34523337 81828598
618505358 868374672
92616622 448705017
140872281 639032799
145893215 341226805
57073396 83661652
486998893 941085611
594417653 996158838
86962333 820750532
360552438 976152226
724928458 902770235
63549878 311444379
13421041 171437115
300907061 377390077
906930828 995119005
133989765 256349902
64033819 575047236
415882193 505454724
55410600 455845667
137613992 482749337
406822207 760045729
85360592 740816240
46228857 53614940
2386954 12671122
32409267 435632773
716752641 980713182
651651024 894251057
1246336 98163081
323851245 789117354
174864194 283067674
224418410 561924320
64336549 190351493
185025224 320605681
372383517 474069673
436439572 581899890
113763862 385617601
14756130 96915650
96924577 193076948
53516584 209800417
200902177 236228746
123856263 183964436
493753854 964925799
229653609 410241221
851083560 887483324
140800799 588236513
127016208 428984385
5114134 12125348
517325739 695944562
82283881 84943014
74115058 102628490
15858543 41010116
34136704 103336888
96953934 300066601
12431708 780316150
257230358 642101343
41901523 422791125
371679610 532429238
3777904 113584990
324346563 375646081
262177395 446339540
70128982 939989192
40042969 219560074
0 0
