250 1 2
-2811 96917
-56180 -89949
62390 86763
-98286 -87954
21268 -10372
2836 68024
-23764 10728
66099 73571
50096 73806
46084 98058
69045 98642
13101 -86048
-12041 25130
-6768 -65608
52140 37948
-33480 -44892
8148 -16488
-6235 37463
-86755 23705
-42843 -20648
72892 -97776
37710 -61653
-51333 34769
18510 -77911
-78289 69470
-8323 -2073
-73345 57443
35102 58306
36370 -98875
-17515 -12396
43511 50836
-3150 -93834
-16570 62932
49810 -62509
-48332 3723
-73516 -7911
62463 28438
-12726 -29511
8857 -59847
-27212 8429
87839 88176
-71702 -88983
66132 13058
97046 94380
-76814 41450
30561 -27214
29204 -3265
17792 -15911
32093 -1901
82084 12855
46644 94401
99967 -4504
4203 60204
-7748 24755
95884 -90548
-26641 -84474
-71961 63562
11319 33
-59917 -42767
85250 43590
-92811 40998
-20815 23217
-72025 86138
75856 -38728
93277 -42498
67460 -99332
-75904 43180
90379 -75760
-92968 -8316
-79428 93669
-95181 83364
-29484 40614
-23431 97779
47110 -98265
-73659 86295
-40289 -40793
-3668 -68197
-12759 -11461
81384 41650
27758 -26342
-14264 -11201
29082 31204
51295 -3167
-46560 47132
-32085 -39518
-72218 97101
-67869 -44955
39049 24206
-87917 51790
53555 6382
-90063 -95433
82505 -14858
-18127 -36205
72640 -51940
-50453 52493
-71789 45219
10144 -53096
-74740 -39160
98134 -5414
-67841 -72238
65461 -11003
-87961 41162
51653 17910
-98814 -17201
52952 -90590
15719 -70469
-89747 -63062
44476 -29176
86038 -5982
-13628 -83301
-89057 -6627
39387 37164
56315 -33988
-16024 98647
6199 -62833
93712 17752
96475 -95994
-97341 -31649
-72163 -38793
-34983 8616
-21573 54918
52636 20095
81389 48446
21285 10204
1922 51747
-14805 89770
53863 14841
90382 -71142
-66003 59006
96219 90729
73694 77457
-81154 33961
-88295 -88730
-66158 -89042
78197 -76601
36657 -93360
-31857 62244
74675 -17261
-15914 14245
-98299 65221
17456 -87393
-60504 -62843
10579 69286
45893 -64463
64383 -89949
-1504 5885
-56578 86125
46812 44958
46872 -9715
-65319 61524
68403 -44317
50738 64824
-86071 63000
23068 -80842
10605 -90985
-67006 24608
-38907 -32041
57998 46968
34763 -31599
63390 -44925
-800 57338
-20121 71010
63560 58460
-10178 -70377
-76517 -65713
-78567 -23796
12743 -88910
16841 66947
-66909 96138
-27738 -49166
-17107 2337
-22626 74629
-66473 -77392
-45008 61882
91920 58055
17333 53043
31318 -61632
54624 -19535
42910 49869
30870 74416
10493 -13580
-78269 95885
-6524 911
53026 -10552
-15599 98792
-68129 7017
71218 -35643
-19346 48677
31663 -96727
-17382 -34559
-89208 60389
78024 -80509
81240 -63001
82635 49633
-98214 -44880
20854 -62987
40614 19110
87122 -328
-13418 -72795
92187 70458
30213 -61094
86859 -8625
1356 70937
42649 93659
57413 -62060
-42736 -66445
23641 75983
-18937 78322
-87108 21290
-58836 61980
-19767 -96574
33473 -93347
14792 -7945
-84388 -11846
79846 21700
-41082 -57574
26211 15891
-60625 -77734
-51524 91248
-43857 -2392
80301 88647
59308 -49272
28276 82013
-65641 -99924
-44761 -71569
-2727 -20138
-63143 -80508
6121 -47715
-57197 -23587
-65169 -47054
-75065 13456
-35841 27532
69219 -95738
22299 58003
10361 88007
89335 91616
4829 57184
87326 -73869
69103 -60232
-84868 -3608
64814 -21418
-90971 -59232
-74028 92487
-54205 -14979
-11017 11690
-61314 -79477
-89145 49091
95208 -48847
63656 -67254
-28919 1120
